623
0 0 60 35 -
4 15 47 34 +
0 54 29 79 +
54 29 79 76 +
6 36 23 51 -
57 36 68 54 .
0 72 45 79 +
68 59 79 66 -
16 21 26 28 -
1 29 5 60 .
72 37 79 41 .
0 0 78 2 -
52 26 56 48 +
39 67 47 71 -
54 60 57 70 -
0 75 6 79 -
24 3 33 5 .
14 12 21 15 .
28 33 47 34 -
5 12 14 34 +
1 54 10 60 .
6 24 12 27 -
53 28 60 32 -
74 67 75 76 .
0 41 2 54 +
46 73 57 76 .
38 21 41 24 -
48 21 65 25 -
6 5 8 11 +
65 73 68 76 -
23 0 69 0 +
65 45 68 48 +
14 15 33 15 .
22 73 24 77 -
27 25 51 28 +
24 54 29 55 .
9 58 9 71 -
31 9 34 12 +
47 35 50 41 +
36 34 46 34 .
25 72 48 75 +
7 28 15 28 .
0 14 5 19 -
53 28 73 28 -
1 20 3 24 +
38 66 40 68 +
44 72 44 79 -
10 53 16 54 +
10 68 33 70 +
24 1 30 2 +
74 27 79 28 +
77 67 79 69 .
35 37 37 39 -
39 13 42 14 +
48 66 50 68 +
57 26 60 27 .
51 28 54 30 +
45 3 49 3 .
49 72 53 72 -
50 3 63 5 -
51 36 51 40 -
0 50 3 54 +
51 7 53 8 +
21 6 21 9 .
29 71 31 72 .
33 20 36 20 .
35 77 38 77 .
45 35 49 36 .
74 76 79 76 .
1 41 2 42 -
8 58 10 60 -
26 16 26 20 -
47 58 48 59 -
51 52 52 53 -
73 55 74 56 -
0 31 0 38 +
35 54 36 55 +
46 63 47 64 +
48 43 49 44 +
0 18 4 18 .
1 66 1 68 .
1 44 6 44 .
4 12 7 12 .
7 5 9 5 .
8 77 10 77 .
13 56 13 58 .
18 69 20 69 .
23 73 27 73 .
51 17 51 19 .
54 24 56 24 .
68 66 68 68 .
70 50 70 52 .
77 53 77 55 .
29 0 40 0 -
43 15 45 15 -
0 1 3 3 +
1 17 2 18 +
58 77 62 77 +
0 70 0 73 .
0 4 1 4 .
1 1 2 2 .
1 10 2 10 .
1 24 2 24 .
3 22 3 23 .
6 61 6 62 .
7 8 7 9 .
7 21 7 22 .
7 73 7 74 .
9 20 10 20 .
10 24 10 25 .
11 44 12 44 .
13 6 13 7 .
14 22 14 23 .
14 34 15 34 .
15 63 15 64 .
15 79 16 79 .
16 33 17 33 .
16 77 17 77 .
17 36 18 36 .
17 47 18 47 .
18 20 19 20 .
19 70 19 71 .
19 5 20 5 .
21 39 22 39 .
21 71 22 71 .
22 48 22 49 .
23 66 24 66 .
27 14 27 16 .
27 62 28 62 .
28 33 29 33 .
30 26 33 26 .
30 65 55 65 .
32 7 32 8 .
33 1 34 2 .
33 9 34 9 .
34 16 37 16 .
36 3 36 4 .
39 33 39 35 .
42 76 43 76 .
44 16 44 17 .
46 15 47 15 .
46 24 47 24 .
48 9 48 10 .
48 20 48 21 .
48 31 48 32 .
49 11 49 12 .
50 1 50 2 .
50 68 54 68 .
52 8 52 9 .
52 19 52 20 .
52 13 53 13 .
53 22 54 22 .
54 1 54 2 .
55 48 56 48 .
56 2 56 3 .
56 29 56 30 .
56 6 57 6 .
57 4 58 4 .
57 66 58 66 .
59 70 59 71 .
60 60 61 60 .
61 29 61 30 .
61 23 62 23 .
63 62 63 63 .
63 68 64 68 .
64 30 64 31 .
64 35 65 35 .
65 58 66 58 .
65 70 66 70 .
67 75 67 76 .
68 62 69 62 .
69 55 70 55 .
70 0 71 0 .
72 32 72 33 .
73 74 76 74 .
75 0 75 1 .
76 66 76 67 .
77 65 78 65 .
78 56 79 56 .
79 48 79 49 .
0 39 0 40 -
0 45 0 46 -
0 57 0 58 -
0 71 0 72 -
1 49 1 50 -
1 47 2 47 -
27 71 28 71 -
28 1 28 2 -
43 0 46 0 -
47 42 47 43 -
54 59 55 59 -
63 0 66 0 -
0 13 0 14 +
0 21 0 22 +
1 0 2 0 +
1 9 2 9 +
1 12 2 12 +
4 9 4 10 +
5 1 5 2 +
5 7 5 8 +
31 0 32 0 +
34 26 57 27 +
36 1 36 2 +
39 1 40 1 +
45 1 46 1 +
47 35 47 36 +
68 17 68 18 +
0 8 0 8 .
0 33 0 33 .
0 53 0 53 .
0 65 0 65 .
0 70 1 70 .
0 73 1 73 .
1 21 1 21 .
1 15 2 15 .
1 32 5 32 .
2 17 2 17 .
2 20 2 20 .
2 51 2 51 .
2 61 2 61 .
2 63 2 63 .
3 3 3 3 .
3 16 3 16 .
3 71 3 71 .
3 73 3 73 .
3 23 4 23 .
3 45 6 45 .
4 0 4 0 .
4 6 4 6 .
4 14 4 14 .
4 28 4 28 .
4 62 4 62 .
4 50 6 50 .
5 17 5 17 .
5 20 5 20 .
5 68 5 68 .
7 0 7 0 .
7 13 7 13 .
7 15 7 15 .
7 18 7 18 .
7 31 7 31 .
7 49 7 49 .
7 65 7 65 .
8 7 8 7 .
8 11 8 11 .
8 66 8 66 .
8 69 8 69 .
8 71 8 71 .
9 12 9 12 .
9 38 9 38 .
9 61 9 61 .
9 68 9 68 .
9 72 9 72 .
10 10 10 10 .
10 14 10 14 .
10 16 10 16 .
10 29 10 29 .
10 37 10 37 .
10 45 10 45 .
10 49 10 49 .
10 59 10 59 .
10 64 10 64 .
10 69 10 69 .
10 25 11 25 .
11 61 11 61 .
11 66 11 66 .
11 68 11 68 .
11 74 11 74 .
11 78 11 78 .
12 2 12 2 .
12 16 12 16 .
12 21 12 21 .
12 23 12 23 .
12 59 12 59 .
12 63 12 63 .
12 77 12 77 .
13 1 13 1 .
13 17 13 17 .
13 24 13 24 .
13 46 13 46 .
13 50 13 50 .
13 71 13 71 .
13 56 14 56 .
14 3 14 3 .
14 5 14 5 .
14 11 14 11 .
14 16 14 16 .
14 31 14 31 .
14 60 14 60 .
14 75 14 75 .
15 14 22 14 .
16 3 16 3 .
16 11 16 11 .
16 66 16 66 .
17 1 17 1 .
17 9 17 9 .
17 23 17 23 .
17 26 17 26 .
17 32 17 32 .
17 43 17 43 .
17 50 17 50 .
17 55 17 55 .
17 68 17 68 .
17 73 17 73 .
17 75 17 75 .
18 0 18 0 .
18 27 18 27 .
18 31 18 31 .
18 37 18 37 .
18 41 18 41 .
18 59 18 59 .
19 3 19 3 .
19 7 19 7 .
19 40 19 40 .
19 46 19 46 .
19 58 19 58 .
19 62 19 62 .
19 64 19 64 .
19 73 19 73 .
19 75 19 75 .
20 8 20 8 .
20 10 20 10 .
20 36 20 36 .
20 59 20 59 .
20 78 20 78 .
21 18 21 18 .
21 27 21 27 .
21 34 21 34 .
22 24 22 24 .
22 33 22 33 .
22 36 22 36 .
22 68 22 68 .
22 48 23 48 .
23 0 23 0 .
23 6 23 6 .
23 10 23 10 .
23 27 23 27 .
23 44 23 44 .
24 2 24 2 .
24 18 24 18 .
24 24 24 24 .
24 26 24 26 .
24 60 24 60 .
24 75 24 75 .
24 5 34 5 .
24 41 47 41 .
24 47 52 47 .
24 49 54 49 .
25 1 25 1 .
25 9 25 9 .
25 33 25 33 .
25 63 25 63 .
25 78 25 78 .
26 7 26 7 .
26 11 26 11 .
26 19 26 19 .
26 25 26 25 .
26 30 26 30 .
26 58 26 58 .
26 64 26 64 .
26 66 26 66 .
27 8 27 8 .
27 10 27 10 .
27 22 27 22 .
27 65 27 65 .
27 79 27 79 .
27 14 28 14 .
28 19 28 19 .
28 23 28 23 .
28 29 28 29 .
28 59 28 59 .
29 6 29 6 .
29 9 29 9 .
29 13 29 13 .
29 20 29 20 .
29 35 29 35 .
29 66 29 66 .
29 69 29 69 .
29 75 29 75 .
30 16 30 16 .
30 68 30 68 .
30 57 54 57 .
30 61 54 61 .
31 6 31 6 .
31 17 31 17 .
31 23 31 23 .
31 27 31 27 .
31 29 31 29 .
31 69 31 69 .
32 10 32 10 .
32 25 32 25 .
33 11 33 11 .
33 21 33 21 .
33 28 33 28 .
34 7 34 7 .
34 24 34 24 .
34 72 34 72 .
35 22 35 22 .
35 74 35 74 .
36 21 36 21 .
36 28 36 28 .
36 35 36 35 .
37 1 37 1 .
37 9 37 9 .
37 38 37 38 .
37 0 38 0 .
37 54 54 54 .
38 12 38 12 .
38 20 38 20 .
38 25 38 25 .
38 39 47 39 .
39 31 39 31 .
39 33 40 33 .
40 12 40 12 .
40 18 40 18 .
40 20 40 20 .
40 29 40 29 .
40 70 40 70 .
40 78 40 78 .
41 3 41 3 .
41 67 41 67 .
41 69 41 69 .
41 75 41 75 .
42 13 42 13 .
42 22 42 22 .
42 27 42 27 .
43 4 43 4 .
43 6 43 6 .
43 18 43 18 .
43 20 43 20 .
43 28 43 28 .
44 9 44 9 .
44 27 44 27 .
44 29 44 29 .
44 30 45 30 .
45 6 45 6 .
45 13 45 13 .
45 23 45 23 .
45 72 45 72 .
46 17 46 17 .
46 19 46 19 .
46 29 46 29 .
47 16 47 16 .
47 69 47 69 .
47 74 47 74 .
48 1 48 1 .
48 13 48 13 .
49 5 49 5 .
49 37 49 37 .
49 40 49 40 .
49 12 50 12 .
50 8 50 8 .
50 24 50 24 .
50 27 50 27 .
50 39 50 39 .
51 6 51 6 .
51 10 51 10 .
51 66 54 66 .
52 15 52 15 .
52 26 52 26 .
52 31 52 31 .
53 16 53 16 .
53 28 53 28 .
53 30 53 30 .
53 44 53 44 .
54 4 54 4 .
54 21 54 21 .
55 7 55 7 .
55 44 55 44 .
55 46 55 46 .
55 50 55 50 .
55 67 55 67 .
56 25 56 25 .
56 42 56 42 .
56 52 56 52 .
56 60 56 60 .
56 62 56 62 .
57 1 57 1 .
57 20 57 20 .
57 32 57 32 .
57 34 57 34 .
57 71 57 71 .
57 38 69 38 .
57 49 69 49 .
58 0 58 0 .
58 23 58 23 .
58 61 58 61 .
58 64 58 64 .
59 6 59 6 .
59 15 59 15 .
59 77 59 77 .
60 2 60 2 .
60 19 60 19 .
60 32 60 32 .
60 69 60 69 .
61 3 61 3 .
61 34 61 34 .
61 75 61 75 .
62 21 62 21 .
62 56 62 56 .
62 64 62 64 .
63 4 63 4 .
63 33 63 33 .
63 57 63 57 .
64 24 64 24 .
64 64 64 64 .
64 31 65 31 .
65 23 65 23 .
65 33 65 33 .
66 32 66 32 .
66 57 66 57 .
67 46 67 46 .
68 66 69 66 .
69 28 69 28 .
69 58 69 58 .
69 69 69 69 .
70 48 70 48 .
70 68 70 68 .
70 71 70 71 .
70 74 70 74 .
71 1 71 1 .
71 28 71 28 .
71 31 71 31 .
71 38 71 38 .
71 41 71 41 .
71 49 71 49 .
71 53 71 53 .
72 47 72 47 .
72 61 72 61 .
73 49 73 49 .
73 64 73 64 .
74 28 74 28 .
74 47 74 47 .
74 58 74 58 .
74 65 74 65 .
75 36 75 36 .
75 46 75 46 .
75 51 75 51 .
75 57 75 57 .
75 61 75 61 .
75 64 75 64 .
76 29 76 29 .
76 34 76 34 .
76 43 76 43 .
76 45 76 45 .
76 52 76 52 .
77 28 77 28 .
77 60 77 60 .
77 70 77 70 .
78 36 78 36 .
79 54 79 54 .
79 72 79 72 .
0 3 0 3 -
0 34 0 34 -
0 36 0 36 -
0 43 0 43 -
0 48 0 48 -
0 51 0 51 -
0 54 0 54 -
0 60 0 60 -
0 63 0 63 -
0 66 0 66 -
0 68 0 68 -
1 1 1 1 -
1 52 1 52 -
2 2 2 2 -
5 12 5 12 -
6 68 6 68 -
24 73 24 73 -
44 30 44 30 -
47 42 48 42 -
48 0 48 0 -
49 32 52 32 -
51 0 51 0 -
51 25 51 25 -
58 20 61 20 -
61 2 79 2 -
67 15 67 15 -
69 50 69 50 -
0 11 0 11 +
0 16 0 16 +
0 19 0 19 +
0 76 0 76 +
0 79 0 79 +
1 15 1 15 +
3 4 3 4 +
3 11 3 11 +
3 13 3 13 +
4 3 4 3 +
4 5 4 5 +
5 4 5 4 +
5 11 5 11 +
8 52 8 52 +
10 56 10 56 +
12 25 12 25 +
18 53 18 53 +
31 26 31 26 +
31 67 31 67 +
33 1 33 1 +
34 2 34 2 +
35 0 35 0 +
35 3 35 3 +
35 16 35 16 +
37 0 37 0 +
41 55 41 55 +
44 0 44 0 +
46 65 46 65 +
48 69 48 69 +
48 41 51 41 +
51 1 51 1 +
51 56 51 56 +
52 49 52 49 +
53 1 53 1 +
55 1 55 1 +
57 60 57 60 +
63 51 63 51 +
64 0 64 0 +
64 11 64 11 +
64 44 64 44 +
64 77 64 77 +
68 18 69 18 +
75 38 75 38 +
78 69 78 69 +
