769
0 0 4 0 -
6 0 7 0 -
9 0 11 0 -
13 0 16 0 -
41 0 50 0 -
53 0 60 0 -
62 0 63 0 -
65 0 66 0 -
68 0 71 0 -
73 0 73 0 -
75 0 78 0 -
0 1 10 1 -
12 1 14 1 -
16 1 17 1 -
42 1 42 1 -
44 1 49 1 -
51 1 51 1 -
53 1 66 1 -
0 2 1 2 -
3 2 12 2 -
14 2 17 2 -
40 1 40 2 -
44 2 44 2 -
46 2 49 2 -
51 2 65 2 -
0 3 10 3 -
45 3 47 3 -
49 3 55 3 -
58 3 60 3 -
63 3 66 3 -
0 4 1 4 -
3 4 10 4 -
16 3 17 4 -
43 4 49 4 -
51 4 52 4 -
62 4 66 4 -
0 5 10 5 -
17 5 17 5 -
62 5 62 5 -
64 5 66 5 -
0 6 8 6 -
10 6 10 6 -
63 6 64 6 -
0 7 6 7 -
16 6 17 7 -
43 5 52 7 -
62 7 66 7 -
0 8 7 8 -
16 8 16 8 -
44 8 46 8 -
48 8 52 8 -
0 9 3 9 -
5 9 7 9 -
16 9 17 9 -
44 9 52 9 -
65 8 66 9 -
0 10 7 10 -
16 10 16 10 -
37 10 37 10 -
43 10 46 10 -
48 10 56 10 -
0 11 0 11 -
2 11 4 11 -
16 11 17 11 -
43 11 45 11 -
48 11 51 11 -
55 11 56 11 -
64 10 66 11 -
0 12 4 12 -
16 12 16 12 -
43 12 43 12 -
45 12 46 12 -
50 12 52 12 -
54 12 58 12 -
60 12 64 12 -
66 12 68 12 -
0 13 0 13 -
2 13 4 13 -
43 13 46 13 -
48 12 48 13 -
50 13 51 13 -
54 13 56 13 -
58 13 65 13 -
67 13 68 13 -
0 14 4 14 -
16 13 17 14 -
43 14 48 14 -
50 14 50 14 -
55 14 55 14 -
57 14 68 14 -
0 15 0 15 -
2 15 4 15 -
16 15 18 15 -
20 15 21 15 -
43 15 43 15 -
45 15 47 15 -
49 15 50 15 -
55 15 59 15 -
61 15 66 15 -
68 15 68 15 -
8 16 17 16 -
19 16 21 16 -
28 16 31 16 -
44 16 49 16 -
55 16 64 16 -
66 16 68 16 -
0 16 3 17 -
16 17 21 17 -
28 17 28 17 -
30 17 30 17 -
49 17 50 17 -
55 17 60 17 -
62 17 63 17 -
65 17 68 17 -
0 18 4 18 -
6 17 14 18 -
16 18 17 18 -
19 18 20 18 -
28 18 35 18 -
50 18 50 18 -
54 18 56 18 -
58 18 69 18 -
18 19 19 19 -
21 19 21 19 -
26 17 26 19 -
28 19 31 19 -
33 19 36 19 -
39 19 42 19 -
49 19 51 19 -
67 19 68 19 -
70 19 76 19 -
14 20 16 20 -
18 20 21 20 -
26 20 31 20 -
33 20 34 20 -
36 20 36 20 -
39 20 44 20 -
49 20 50 20 -
67 20 76 20 -
14 21 14 21 -
16 21 16 21 -
18 21 19 21 -
21 21 21 21 -
26 21 28 21 -
30 21 33 21 -
35 21 35 21 -
39 21 41 21 -
49 21 51 21 -
67 21 69 21 -
71 21 72 21 -
74 21 76 21 -
15 22 16 22 -
18 22 21 22 -
28 22 28 22 -
30 22 30 22 -
34 22 36 22 -
40 22 42 22 -
44 21 44 22 -
40 23 43 23 -
49 23 49 23 -
51 22 51 23 -
61 24 63 24 -
40 24 44 25 -
62 25 63 25 -
44 26 44 26 -
15 27 15 27 -
18 23 18 29 -
0 30 1 30 -
6 30 9 30 -
12 30 17 30 -
37 29 39 30 -
49 30 60 30 -
0 31 0 31 -
6 31 16 31 -
18 31 20 31 -
26 31 27 31 -
29 31 29 31 -
32 31 32 31 -
34 31 37 31 -
39 31 40 31 -
50 31 59 31 -
0 32 1 32 -
6 32 7 32 -
9 32 9 32 -
26 32 28 32 -
30 32 33 32 -
35 32 40 32 -
6 33 9 33 -
11 32 20 33 -
27 33 27 33 -
29 33 33 33 -
36 33 36 33 -
38 33 38 33 -
62 32 63 33 -
6 34 7 34 -
10 34 10 34 -
12 34 16 34 -
18 34 20 34 -
27 34 36 34 -
49 32 60 34 -
26 35 30 35 -
32 35 36 35 -
49 35 56 35 -
58 35 60 35 -
6 35 20 36 -
26 36 35 36 -
49 36 60 36 -
26 37 28 37 -
30 37 35 37 -
38 37 49 37 -
52 37 52 37 -
55 37 56 37 -
58 37 60 37 -
29 38 29 38 -
32 38 34 38 -
36 38 41 38 -
43 38 43 38 -
45 38 57 38 -
59 38 59 38 -
38 39 42 39 -
25 40 25 40 -
34 39 36 40 -
38 40 40 40 -
42 40 42 40 -
34 41 42 41 -
34 42 35 42 -
37 42 39 42 -
9 43 12 43 -
34 43 39 43 -
41 42 42 43 -
8 44 8 44 -
11 44 12 44 -
35 44 35 44 -
37 44 42 44 -
35 45 36 45 -
38 45 38 45 -
40 45 42 45 -
7 46 7 46 -
35 46 37 47 -
53 47 53 47 -
35 48 36 48 -
35 49 37 49 -
53 50 57 50 -
77 50 79 50 -
20 51 20 51 -
35 50 38 51 -
53 51 54 51 -
56 51 57 51 -
69 51 75 51 -
77 51 77 51 -
79 51 79 51 -
25 52 25 52 -
27 52 29 52 -
32 52 38 52 -
53 52 56 52 -
65 51 67 52 -
69 52 79 52 -
12 53 14 53 -
26 53 26 53 -
28 53 29 53 -
32 53 32 53 -
35 53 38 53 -
44 53 50 53 -
52 53 52 53 -
14 54 14 54 -
22 54 22 54 -
26 54 29 54 -
31 54 34 54 -
78 53 79 54 -
12 55 13 55 -
25 55 26 55 -
28 55 29 55 -
31 55 32 55 -
79 55 79 55 -
25 56 27 56 -
29 56 29 56 -
31 56 34 56 -
44 54 49 56 -
16 56 18 57 -
44 57 47 57 -
49 57 49 57 -
0 58 2 58 -
17 58 18 58 -
35 58 37 58 -
44 58 46 58 -
48 58 49 58 -
0 59 0 59 -
2 59 2 59 -
35 59 35 59 -
44 59 48 59 -
15 60 15 60 -
17 60 18 60 -
20 60 20 60 -
23 60 24 60 -
26 60 27 60 -
35 60 37 60 -
60 59 61 60 -
0 60 2 61 -
15 61 18 61 -
20 61 29 61 -
2 62 2 62 -
15 62 26 62 -
29 62 29 62 -
44 60 49 62 -
0 63 2 63 -
8 61 10 63 -
21 63 23 63 -
26 63 29 63 -
44 63 48 63 -
1 64 2 64 -
20 64 20 64 -
23 64 29 64 -
44 64 49 64 -
78 56 79 64 -
20 65 22 65 -
24 65 25 65 -
27 65 28 65 -
44 65 46 65 -
52 65 54 65 -
78 65 78 65 -
0 65 5 66 -
17 66 23 66 -
25 66 26 66 -
28 66 29 66 -
45 66 46 66 -
48 65 49 66 -
51 66 51 66 -
54 66 54 66 -
79 66 79 66 -
0 67 2 67 -
15 63 15 67 -
17 67 29 67 -
78 67 78 67 -
2 68 2 68 -
15 68 21 68 -
23 68 25 68 -
27 68 28 68 -
44 67 54 68 -
0 69 2 69 -
15 69 18 69 -
21 69 24 69 -
26 69 26 69 -
28 69 29 69 -
45 69 46 69 -
48 69 52 69 -
78 68 79 69 -
0 70 1 70 -
15 70 15 70 -
17 70 29 70 -
44 70 44 70 -
47 70 47 70 -
49 70 59 70 -
64 70 73 70 -
75 70 79 70 -
0 71 3 71 -
15 71 23 71 -
25 71 28 71 -
44 71 53 71 -
56 71 58 71 -
61 71 75 71 -
77 71 77 71 -
79 71 79 71 -
0 72 9 72 -
11 72 11 72 -
15 72 25 72 -
27 72 35 72 -
38 72 39 72 -
41 72 59 72 -
61 72 79 72 -
0 73 1 73 -
3 73 6 73 -
8 73 11 73 -
15 73 22 73 -
24 73 34 73 -
36 73 38 73 -
40 73 45 73 -
56 73 58 73 -
61 73 63 73 -
69 73 76 73 -
78 73 79 73 -
0 74 4 74 -
6 74 11 74 -
29 74 43 74 -
45 74 45 74 -
52 74 52 74 -
57 74 60 74 -
62 74 63 74 -
68 74 70 74 -
72 74 78 74 -
0 75 2 75 -
4 75 10 75 -
28 75 33 75 -
36 75 40 75 -
42 75 42 75 -
44 75 45 75 -
57 75 57 75 -
59 75 59 75 -
70 75 79 75 -
0 76 10 76 -
28 76 41 76 -
43 76 45 76 -
58 76 59 76 -
61 75 63 76 -
68 75 68 76 -
70 76 71 76 -
73 76 77 76 -
79 76 79 76 -
1 77 10 77 -
29 77 38 77 -
41 77 45 77 -
57 77 59 77 -
61 77 70 77 -
72 77 78 77 -
25 78 38 78 -
40 78 43 78 -
45 78 45 78 -
58 78 58 78 -
60 78 62 78 -
64 78 69 78 -
71 78 75 78 -
77 78 79 78 -
0 78 9 79 -
24 79 27 79 -
30 79 31 79 -
33 79 33 79 -
35 79 39 79 -
41 79 41 79 -
43 79 45 79 -
57 79 58 79 -
60 79 61 79 -
63 79 65 79 -
67 79 79 79 -
0 26 0 27 +
0 33 0 36 +
0 38 0 38 +
0 40 0 43 +
0 45 0 57 +
1 27 1 27 +
1 33 1 40 +
1 44 1 48 +
1 50 1 55 +
1 57 1 57 +
2 30 2 30 +
2 32 2 37 +
2 40 2 40 +
2 42 2 48 +
2 50 2 57 +
3 30 3 32 +
3 34 3 38 +
3 41 3 44 +
3 46 3 46 +
3 62 3 62 +
3 64 3 64 +
4 30 4 30 +
4 32 4 39 +
4 42 4 46 +
5 11 5 15 +
5 17 5 17 +
5 30 5 39 +
5 42 5 45 +
4 62 5 64 +
5 70 5 70 +
6 37 6 45 +
6 11 7 16 +
7 37 7 38 +
7 40 7 45 +
8 7 8 12 +
8 14 8 15 +
8 38 8 40 +
8 45 8 46 +
9 7 9 11 +
9 13 9 15 +
9 37 9 42 +
10 7 10 15 +
10 41 10 42 +
9 46 10 46 +
10 78 10 79 +
11 3 11 12 +
11 14 11 15 +
10 37 11 39 +
11 75 11 79 +
12 3 12 5 +
12 7 12 14 +
12 37 12 37 +
12 39 12 40 +
12 42 12 42 +
11 45 12 46 +
13 4 13 8 +
13 10 13 15 +
13 37 13 43 +
13 46 13 48 +
13 51 13 52 +
14 3 14 13 +
14 15 14 15 +
14 37 14 42 +
14 44 14 52 +
13 56 14 56 +
15 3 15 3 +
15 5 15 12 +
15 14 15 15 +
15 37 15 37 +
15 40 15 41 +
15 43 15 48 +
15 51 15 52 +
15 54 15 56 +
16 37 16 38 +
16 40 16 40 +
16 42 16 45 +
16 47 16 50 +
16 52 16 55 +
16 63 16 63 +
16 65 16 66 +
17 21 17 21 +
17 37 17 37 +
17 39 17 39 +
17 41 17 41 +
17 43 17 48 +
17 50 17 52 +
17 54 17 55 +
17 63 17 64 +
17 78 17 78 +
18 0 18 0 +
18 2 18 7 +
18 37 18 39 +
18 41 18 44 +
18 46 18 48 +
18 50 18 53 +
18 55 18 55 +
18 64 18 65 +
19 0 19 1 +
19 3 19 5 +
18 9 19 14 +
19 38 19 42 +
19 44 19 48 +
19 50 19 56 +
19 63 19 65 +
20 0 20 4 +
20 7 20 8 +
20 10 20 14 +
20 37 20 37 +
20 40 20 40 +
20 42 20 50 +
20 52 20 57 +
20 75 20 75 +
21 0 21 1 +
21 3 21 6 +
21 8 21 13 +
21 34 21 48 +
21 50 21 54 +
21 56 21 56 +
22 0 22 4 +
22 6 22 18 +
22 20 22 22 +
22 52 22 53 +
22 55 22 56 +
23 0 23 3 +
23 5 23 22 +
23 52 23 56 +
24 1 24 2 +
24 4 24 19 +
24 21 24 22 +
24 50 24 54 +
25 2 25 22 +
25 0 26 0 +
26 2 26 16 +
27 1 27 11 +
27 13 27 16 +
28 4 28 15 +
28 0 29 1 +
29 4 29 5 +
29 7 29 11 +
29 13 29 15 +
30 0 30 0 +
30 2 30 6 +
30 8 30 15 +
30 52 30 55 +
31 0 31 14 +
31 40 31 40 +
31 42 31 43 +
32 8 32 10 +
32 13 32 13 +
32 41 32 43 +
33 8 33 11 +
33 13 33 15 +
33 39 33 43 +
32 0 34 2 +
34 8 34 13 +
34 15 34 15 +
34 59 34 59 +
35 0 35 0 +
35 8 35 9 +
35 11 35 14 +
35 63 35 64 +
35 66 35 68 +
36 1 36 2 +
36 8 36 15 +
35 54 36 57 +
35 61 36 61 +
36 63 36 67 +
37 0 37 2 +
37 8 37 9 +
37 12 37 13 +
37 15 37 15 +
36 36 37 37 +
37 54 37 54 +
37 56 37 56 +
37 61 37 62 +
37 64 37 65 +
37 67 37 67 +
38 0 38 1 +
38 8 38 10 +
38 12 38 15 +
38 56 38 63 +
38 66 38 68 +
39 1 39 2 +
39 9 39 15 +
38 46 39 49 +
39 52 39 55 +
39 57 39 61 +
39 63 39 68 +
40 8 40 15 +
40 26 40 29 +
40 46 40 51 +
40 53 40 56 +
40 59 40 60 +
40 62 40 68 +
41 26 41 27 +
41 29 41 29 +
41 47 41 48 +
41 50 41 53 +
41 55 41 55 +
41 57 41 57 +
41 59 41 63 +
41 2 42 2 +
42 46 42 47 +
42 50 42 51 +
42 53 42 63 +
41 65 42 68 +
43 2 43 3 +
42 26 43 29 +
43 49 43 54 +
43 56 43 57 +
43 59 43 68 +
43 35 44 36 +
49 24 49 29 +
44 49 49 52 +
49 63 49 63 +
50 24 50 27 +
50 29 50 29 +
50 50 50 50 +
51 14 51 14 +
51 16 51 17 +
51 24 51 28 +
51 50 51 52 +
52 49 52 52 +
53 5 53 6 +
53 8 53 9 +
53 57 53 57 +
54 5 54 9 +
52 14 54 17 +
54 22 54 25 +
55 4 55 6 +
55 8 55 9 +
55 53 55 56 +
56 4 56 9 +
55 22 56 24 +
56 53 56 57 +
56 74 56 79 +
57 4 57 4 +
57 6 57 8 +
57 22 57 22 +
57 24 57 24 +
56 26 57 27 +
54 49 57 49 +
57 53 57 56 +
58 4 58 9 +
58 25 58 28 +
58 53 58 55 +
59 4 59 7 +
59 9 59 9 +
59 25 59 25 +
59 27 59 28 +
60 4 60 9 +
60 44 60 44 +
60 71 60 73 +
61 4 61 8 +
61 19 61 20 +
61 22 61 23 +
61 27 61 27 +
60 50 61 51 +
62 20 62 23 +
63 19 65 23 +
66 19 66 20 +
66 22 66 23 +
67 1 67 4 +
67 7 67 11 +
64 25 67 25 +
67 27 67 30 +
67 32 67 41 +
64 73 67 76 +
68 1 68 9 +
68 11 68 11 +
68 25 68 42 +
69 1 69 17 +
69 25 69 25 +
69 28 69 30 +
69 32 69 37 +
69 39 69 42 +
70 1 70 6 +
70 9 70 12 +
70 14 70 17 +
70 26 70 40 +
70 78 70 78 +
71 2 71 7 +
71 9 71 10 +
71 12 71 12 +
71 14 71 18 +
71 25 71 25 +
71 27 71 27 +
71 29 71 30 +
71 32 71 40 +
72 1 72 7 +
72 9 72 17 +
72 25 72 37 +
72 39 72 39 +
71 42 72 42 +
73 1 73 5 +
73 7 73 10 +
73 12 73 12 +
73 14 73 18 +
73 33 73 35 +
73 37 73 37 +
73 39 73 42 +
74 1 74 4 +
74 6 74 12 +
74 14 74 16 +
73 25 74 31 +
74 33 74 37 +
74 40 74 42 +
75 1 75 1 +
75 3 75 4 +
75 6 75 15 +
75 17 75 18 +
75 25 75 27 +
75 29 75 33 +
75 35 75 36 +
75 38 75 39 +
75 42 75 42 +
76 1 76 16 +
76 18 76 18 +
76 25 76 34 +
76 36 76 46 +
76 48 76 49 +
77 2 77 5 +
77 7 77 15 +
77 17 77 18 +
77 23 77 23 +
77 25 77 29 +
77 31 77 40 +
77 42 77 49 +
78 1 78 2 +
78 5 78 10 +
78 12 78 17 +
78 42 78 43 +
78 45 78 45 +
78 47 78 47 +
78 49 78 49 +
78 25 79 39 +
79 41 79 49 +
