751
0 0 0 4 -
0 6 0 17 -
0 20 0 20 -
0 22 0 27 -
0 29 0 36 -
0 38 0 38 -
0 40 0 50 -
0 52 0 57 -
0 59 0 59 -
0 61 0 69 -
0 71 0 72 -
0 74 0 79 -
1 0 1 1 -
1 4 1 14 -
1 16 1 19 -
1 58 1 59 -
1 61 1 61 -
1 63 1 74 -
2 0 2 2 -
2 4 2 4 -
2 6 2 8 -
2 11 2 18 -
2 58 2 60 -
2 62 2 64 -
2 66 2 74 -
3 0 3 6 -
3 8 3 14 -
3 16 3 19 -
1 45 3 48 -
3 72 3 74 -
4 1 4 15 -
4 17 4 19 -
4 76 4 77 -
5 0 5 7 -
5 22 5 22 -
6 0 6 4 -
6 6 6 7 -
4 45 6 47 -
5 76 6 78 -
7 0 7 2 -
7 4 7 7 -
7 57 7 61 -
7 63 7 79 -
8 0 8 1 -
8 3 8 6 -
8 58 8 61 -
8 64 8 65 -
8 67 8 72 -
8 74 8 75 -
8 77 8 79 -
9 0 9 2 -
9 4 9 6 -
9 57 9 72 -
9 74 9 79 -
10 0 10 3 -
10 5 10 6 -
10 57 10 58 -
10 60 10 62 -
10 64 10 64 -
10 66 10 66 -
10 68 10 79 -
11 0 11 6 -
11 32 11 42 -
11 44 11 52 -
11 58 11 59 -
11 61 11 79 -
12 1 12 6 -
12 31 12 35 -
12 37 12 37 -
12 39 12 40 -
12 42 12 44 -
12 46 12 47 -
12 49 12 50 -
12 52 12 53 -
12 57 12 58 -
12 61 12 62 -
12 64 12 65 -
12 67 12 79 -
13 31 13 32 -
13 34 13 34 -
13 36 13 36 -
13 38 13 45 -
13 48 13 48 -
13 51 13 51 -
13 53 13 53 -
13 57 13 60 -
13 62 13 79 -
13 0 14 6 -
14 32 14 42 -
14 44 14 45 -
14 48 14 52 -
14 58 14 67 -
14 69 14 79 -
15 1 15 6 -
15 31 15 32 -
15 35 15 35 -
15 37 15 38 -
15 40 15 50 -
15 52 15 53 -
15 57 15 57 -
15 59 15 68 -
15 70 15 75 -
15 77 15 79 -
16 0 16 4 -
16 6 16 6 -
16 31 16 43 -
16 45 16 45 -
16 47 16 53 -
16 56 16 71 -
17 0 17 2 -
17 4 17 6 -
17 48 17 48 -
17 56 17 64 -
17 66 17 66 -
17 68 17 71 -
16 73 17 79 -
18 0 18 3 -
18 5 18 6 -
18 28 18 31 -
18 45 18 45 -
18 49 18 49 -
18 56 18 60 -
18 62 18 79 -
19 0 19 0 -
19 2 19 4 -
19 6 19 6 -
19 58 19 65 -
19 67 19 77 -
19 79 19 79 -
20 0 20 5 -
19 28 20 32 -
20 65 20 66 -
20 68 20 68 -
21 0 21 0 -
21 3 21 6 -
21 28 21 28 -
21 30 21 31 -
21 65 21 67 -
22 0 22 1 -
22 3 22 3 -
21 56 22 57 -
22 65 22 68 -
23 1 23 6 -
24 0 24 6 -
25 0 25 5 -
25 58 25 58 -
26 1 26 6 -
26 75 26 79 -
27 0 27 1 -
27 3 27 6 -
27 72 27 76 -
27 78 27 79 -
28 0 28 2 -
28 4 28 6 -
28 10 28 10 -
28 72 28 74 -
29 0 29 4 -
29 6 29 8 -
29 72 29 72 -
29 74 29 74 -
28 76 29 79 -
30 1 30 8 -
30 72 30 74 -
30 79 30 79 -
31 0 31 1 -
31 4 31 5 -
31 7 31 9 -
31 11 31 12 -
31 14 31 21 -
31 72 31 73 -
32 0 32 17 -
32 19 32 21 -
32 28 32 28 -
32 30 32 30 -
32 32 32 42 -
32 72 32 74 -
33 0 33 13 -
33 15 33 15 -
33 28 33 39 -
33 41 33 43 -
33 72 33 73 -
33 79 33 79 -
34 0 34 3 -
34 8 34 10 -
33 17 34 21 -
34 28 34 33 -
34 35 34 36 -
34 38 34 38 -
34 78 34 79 -
35 0 35 5 -
35 74 35 75 -
35 77 35 79 -
36 74 36 74 -
36 76 36 77 -
35 17 37 20 -
37 74 38 77 -
39 17 39 17 -
38 19 39 20 -
39 74 39 74 -
39 76 39 79 -
40 18 40 20 -
40 74 40 75 -
40 78 40 79 -
41 17 41 20 -
36 4 42 5 -
42 10 42 10 -
42 12 42 16 -
42 48 42 50 -
43 5 43 5 -
43 10 43 16 -
43 48 43 49 -
44 15 44 15 -
44 48 44 48 -
44 50 44 50 -
44 10 45 11 -
45 16 45 16 -
45 21 45 22 -
44 0 46 5 -
46 15 46 16 -
46 22 46 22 -
47 0 47 0 -
47 2 47 5 -
47 12 47 14 -
47 16 47 16 -
47 44 47 44 -
41 74 47 78 -
48 0 48 5 -
46 10 48 10 -
48 12 48 15 -
48 75 48 78 -
49 32 51 34 -
51 4 52 5 -
49 0 53 0 -
55 0 57 0 -
57 11 57 12 -
57 14 57 14 -
57 16 57 22 -
58 11 58 22 -
57 28 58 29 -
59 11 59 14 -
59 16 59 22 -
60 11 60 12 -
60 14 60 22 -
61 11 61 17 -
61 19 61 19 -
61 21 61 21 -
62 11 62 14 -
62 16 62 17 -
62 19 62 23 -
62 69 62 69 -
63 21 63 22 -
58 33 63 34 -
64 21 64 21 -
61 51 65 51 -
65 53 65 53 -
64 74 65 75 -
59 0 66 0 -
66 51 66 53 -
66 55 66 56 -
66 58 66 64 -
66 66 66 70 -
66 72 66 74 -
66 76 66 78 -
67 0 67 2 -
67 51 67 78 -
67 9 68 12 -
68 51 68 63 -
68 65 68 65 -
68 67 68 69 -
68 73 68 74 -
68 76 68 79 -
68 0 69 4 -
69 9 69 9 -
69 11 69 12 -
69 51 69 52 -
69 54 69 55 -
69 65 69 67 -
69 69 69 79 -
70 2 70 4 -
69 57 70 63 -
70 66 70 67 -
70 69 70 69 -
70 72 70 74 -
70 76 70 79 -
71 50 71 51 -
71 57 71 59 -
71 61 71 61 -
71 63 71 79 -
72 57 72 58 -
72 60 72 66 -
72 68 72 79 -
71 0 73 2 -
72 27 73 28 -
72 49 73 51 -
73 57 73 60 -
73 62 73 62 -
73 67 73 75 -
73 77 73 79 -
74 67 74 67 -
74 70 74 76 -
74 78 74 78 -
74 57 75 62 -
76 24 76 26 -
76 57 76 60 -
76 62 76 62 -
76 73 76 73 -
77 24 77 25 -
77 28 77 31 -
77 42 77 43 -
77 45 77 47 -
77 57 77 57 -
77 59 77 62 -
78 24 78 26 -
78 28 78 30 -
78 42 78 47 -
78 58 78 59 -
78 61 78 62 -
79 17 79 21 -
79 29 79 31 -
79 43 79 47 -
78 49 79 50 -
78 52 79 54 -
79 57 79 58 -
79 60 79 62 -
79 78 79 79 -
12 0 12 0 +
36 0 37 0 +
39 0 41 0 +
55 1 56 1 +
59 1 62 1 +
64 1 65 1 +
55 2 65 2 +
36 1 43 3 +
55 3 61 3 +
63 3 67 3 +
71 3 71 3 +
73 3 73 3 +
59 4 64 4 +
66 4 67 4 +
71 4 73 4 +
59 5 67 5 +
69 5 71 5 +
73 5 73 5 +
34 6 34 6 +
36 6 37 6 +
39 6 41 6 +
43 6 43 6 +
45 6 48 6 +
55 4 57 6 +
59 6 61 6 +
63 6 73 6 +
8 7 20 7 +
22 4 22 7 +
25 7 27 7 +
34 7 40 7 +
43 7 48 7 +
55 7 63 7 +
65 7 73 7 +
5 8 5 8 +
7 8 17 8 +
19 8 20 8 +
22 8 28 8 +
35 8 47 8 +
55 8 58 8 +
61 8 67 8 +
6 9 30 9 +
35 9 39 9 +
42 9 48 9 +
55 9 66 9 +
70 8 73 9 +
6 10 6 10 +
8 10 10 10 +
12 10 17 10 +
19 10 23 10 +
25 10 27 10 +
29 10 30 10 +
35 10 41 10 +
55 10 60 10 +
62 10 66 10 +
5 11 29 11 +
34 11 37 11 +
39 11 41 11 +
55 11 55 11 +
70 10 70 11 +
72 10 73 11 +
5 12 10 12 +
20 12 28 12 +
30 12 30 12 +
34 12 36 12 +
38 12 39 12 +
63 11 66 12 +
71 12 71 12 +
73 12 73 12 +
5 13 6 13 +
8 13 10 13 +
12 12 18 13 +
20 13 30 13 +
34 13 39 13 +
41 12 41 13 +
63 13 72 13 +
5 14 10 14 +
12 14 15 14 +
17 14 23 14 +
25 14 30 14 +
34 14 36 14 +
38 14 41 14 +
44 12 46 14 +
63 14 66 14 +
69 14 72 14 +
5 15 9 15 +
11 15 21 15 +
23 15 30 15 +
34 15 40 15 +
55 12 56 15 +
64 15 73 15 +
5 16 8 16 +
10 16 18 16 +
20 16 22 16 +
25 16 28 16 +
30 16 30 16 +
34 16 36 16 +
40 16 41 16 +
55 16 55 16 +
63 16 69 16 +
5 17 10 17 +
12 17 21 17 +
23 17 26 17 +
28 17 30 17 +
42 17 47 17 +
49 17 51 17 +
54 17 55 17 +
63 17 63 17 +
65 17 69 17 +
5 18 30 18 +
55 18 56 18 +
63 18 66 18 +
68 18 69 18 +
6 19 13 19 +
16 19 16 19 +
18 19 20 19 +
22 19 30 19 +
42 18 51 19 +
66 19 68 19 +
5 20 18 20 +
21 20 24 20 +
26 20 28 20 +
42 20 46 20 +
48 20 48 20 +
50 20 51 20 +
63 19 64 20 +
67 20 67 20 +
5 21 19 21 +
21 21 29 21 +
35 21 35 21 +
37 21 38 21 +
40 21 44 21 +
65 21 69 21 +
6 22 17 22 +
19 22 25 22 +
27 22 28 22 +
30 22 37 22 +
41 22 44 22 +
47 22 47 22 +
49 21 51 22 +
5 23 11 23 +
15 23 19 23 +
21 23 31 23 +
34 23 51 23 +
6 24 6 24 +
8 24 35 24 +
37 24 44 24 +
46 24 47 24 +
50 24 51 24 +
6 25 15 25 +
17 25 19 25 +
21 25 34 25 +
37 25 41 25 +
43 25 45 25 +
47 25 47 25 +
49 25 49 25 +
51 25 51 25 +
6 26 6 26 +
9 26 14 26 +
16 26 22 26 +
25 26 25 26 +
27 26 35 26 +
37 26 38 26 +
40 26 48 26 +
50 26 52 26 +
7 27 20 27 +
22 27 39 27 +
41 27 42 27 +
44 27 52 27 +
35 28 35 28 +
37 28 39 28 +
42 28 42 28 +
44 28 56 28 +
35 29 38 29 +
41 29 43 29 +
45 29 45 29 +
48 29 53 29 +
55 29 55 29 +
35 30 40 30 +
42 30 51 30 +
53 30 53 30 +
55 30 57 30 +
35 31 52 31 +
54 31 54 31 +
56 31 57 31 +
6 30 6 32 +
35 32 38 32 +
40 32 48 32 +
52 32 52 32 +
54 32 56 32 +
38 33 38 33 +
40 33 42 33 +
44 33 48 33 +
26 32 28 34 +
35 33 36 34 +
38 34 48 34 +
52 33 57 34 +
6 34 6 35 +
36 35 36 35 +
39 35 43 35 +
45 35 51 35 +
35 36 39 36 +
41 36 43 36 +
45 36 46 36 +
48 36 51 36 +
2 37 6 37 +
35 37 41 37 +
43 37 49 37 +
51 37 51 37 +
1 38 4 38 +
6 38 6 38 +
36 38 47 38 +
49 38 51 38 +
65 37 66 38 +
1 39 6 39 +
35 39 39 39 +
1 40 1 40 +
3 40 6 40 +
33 40 33 40 +
44 40 44 40 +
1 41 3 41 +
5 41 6 41 +
8 41 8 41 +
37 40 39 41 +
1 42 5 42 +
1 43 1 43 +
3 43 6 43 +
1 44 6 44 +
33 44 33 44 +
32 45 33 45 +
72 46 72 46 +
71 48 79 48 +
1 49 4 49 +
6 49 6 49 +
8 49 8 49 +
1 50 5 50 +
74 49 77 50 +
1 51 1 51 +
4 51 6 51 +
70 49 70 51 +
74 51 74 51 +
76 51 79 51 +
1 52 4 52 +
17 52 21 52 +
23 52 27 52 +
70 52 75 52 +
1 53 2 53 +
17 53 30 53 +
60 52 64 53 +
71 53 77 53 +
2 54 2 54 +
4 53 4 54 +
13 54 14 54 +
16 54 21 54 +
24 54 25 54 +
27 54 27 54 +
29 54 30 54 +
60 54 61 54 +
63 54 65 54 +
70 54 71 54 +
73 54 77 54 +
1 55 5 55 +
7 55 7 55 +
9 55 15 55 +
19 55 21 55 +
23 55 25 55 +
27 55 30 55 +
70 55 74 55 +
76 55 79 55 +
1 56 7 56 +
9 56 13 56 +
15 56 15 56 +
24 56 28 56 +
30 56 30 56 +
43 56 43 56 +
70 56 79 56 +
1 57 6 57 +
8 57 8 57 +
20 57 20 57 +
23 57 25 57 +
27 57 30 57 +
3 58 6 58 +
20 58 22 58 +
24 58 24 58 +
26 58 28 58 +
3 59 3 59 +
6 59 6 59 +
22 59 23 59 +
25 59 30 59 +
60 55 65 59 +
3 60 6 60 +
20 60 30 60 +
44 60 46 60 +
48 60 65 60 +
3 61 4 61 +
6 61 6 61 +
21 61 23 61 +
26 61 30 61 +
44 61 52 61 +
54 61 58 61 +
60 61 60 61 +
62 61 65 61 +
24 62 25 62 +
27 62 30 62 +
44 62 44 62 +
46 62 49 62 +
51 62 60 62 +
62 62 62 62 +
64 62 65 62 +
3 62 6 63 +
20 62 22 63 +
24 63 30 63 +
44 63 47 63 +
49 63 57 63 +
59 63 60 63 +
62 63 65 63 +
73 63 79 63 +
20 64 25 64 +
28 64 30 64 +
44 64 45 64 +
47 64 64 64 +
74 64 77 64 +
79 64 79 64 +
3 64 5 65 +
23 65 36 65 +
39 65 52 65 +
54 65 56 65 +
58 65 61 65 +
63 65 64 65 +
73 65 73 65 +
3 66 6 66 +
24 66 29 66 +
31 66 33 66 +
35 66 36 66 +
39 66 40 66 +
42 66 44 66 +
47 66 51 66 +
53 66 64 66 +
75 65 79 66 +
3 67 3 67 +
5 67 6 67 +
23 67 29 67 +
31 67 34 67 +
36 67 37 67 +
39 67 42 67 +
44 67 52 67 +
54 67 55 67 +
57 67 57 67 +
59 67 63 67 +
24 68 24 68 +
26 68 27 68 +
29 68 30 68 +
32 68 34 68 +
37 68 39 68 +
41 68 64 68 +
3 68 4 69 +
6 68 6 69 +
25 69 31 69 +
33 69 35 69 +
37 69 43 69 +
46 69 48 69 +
50 69 61 69 +
63 69 64 69 +
3 70 6 70 +
20 69 23 70 +
26 70 27 70 +
29 70 30 70 +
32 70 33 70 +
35 70 42 70 +
44 70 55 70 +
57 70 64 70 +
3 71 3 71 +
5 71 6 71 +
20 71 20 71 +
22 71 23 71 +
27 71 31 71 +
33 71 41 71 +
43 71 48 71 +
50 71 51 71 +
53 71 64 71 +
20 72 25 72 +
34 72 35 72 +
37 72 40 72 +
42 72 42 72 +
44 72 44 72 +
46 72 47 72 +
49 72 52 72 +
54 72 60 72 +
4 72 6 73 +
20 73 24 73 +
36 73 47 73 +
50 73 50 73 +
53 73 60 73 +
4 74 5 74 +
22 74 24 74 +
34 73 34 74 +
49 74 55 74 +
57 74 60 74 +
20 74 20 75 +
23 75 24 75 +
30 75 31 75 +
33 75 34 75 +
49 75 49 75 +
51 75 51 75 +
53 75 57 75 +
59 75 60 75 +
21 76 25 76 +
49 76 52 76 +
54 76 58 76 +
21 77 24 77 +
49 77 60 77 +
20 78 22 78 +
24 78 24 78 +
30 76 33 78 +
37 78 38 78 +
49 78 49 78 +
51 78 60 78 +
75 78 76 78 +
78 78 78 78 +
20 79 25 79 +
36 79 38 79 +
41 79 42 79 +
44 79 44 79 +
46 79 50 79 +
52 79 53 79 +
55 79 62 79 +
75 79 78 79 +
