725
0 0 0 0 -
0 10 0 18 -
0 20 0 24 -
0 26 0 26 -
0 28 0 33 -
0 35 0 37 -
0 39 0 39 -
0 46 0 46 -
0 51 0 54 -
0 63 0 64 -
0 66 0 68 -
1 0 1 8 -
1 14 1 26 -
1 31 1 31 -
1 33 1 34 -
1 36 1 38 -
1 54 1 56 -
1 58 1 59 -
1 61 1 68 -
2 24 2 26 -
2 31 2 34 -
2 36 2 39 -
2 61 2 66 -
2 68 2 68 -
3 24 3 25 -
3 31 3 37 -
3 63 3 64 -
4 31 4 35 -
4 63 4 63 -
3 66 4 68 -
3 79 4 79 -
5 31 5 32 -
5 34 5 37 -
3 39 5 39 -
5 63 5 68 -
6 47 6 51 -
6 65 6 68 -
6 31 7 39 -
6 45 7 45 -
7 47 7 49 -
7 51 7 51 -
6 54 7 54 -
7 63 7 67 -
8 32 8 36 -
8 39 8 39 -
8 45 8 46 -
8 48 8 54 -
8 63 8 68 -
8 12 9 13 -
9 51 9 53 -
9 64 9 68 -
9 45 10 49 -
10 51 10 54 -
10 63 10 66 -
10 68 10 68 -
11 3 11 3 -
11 46 11 54 -
11 74 11 74 -
12 3 12 4 -
12 6 12 7 -
12 11 12 13 -
12 45 12 51 -
12 53 12 54 -
12 64 12 65 -
13 3 13 3 -
13 5 13 12 -
13 45 13 54 -
13 64 13 66 -
14 5 14 8 -
14 11 14 13 -
14 45 14 46 -
14 49 14 54 -
15 7 15 7 -
15 9 15 15 -
15 17 15 17 -
15 20 15 23 -
15 45 15 51 -
15 53 15 54 -
15 68 15 70 -
15 72 15 75 -
16 6 16 22 -
16 45 16 47 -
16 50 16 54 -
16 70 16 75 -
17 6 17 6 -
17 9 17 10 -
17 12 17 19 -
17 21 17 23 -
17 25 17 33 -
17 69 17 75 -
18 6 18 7 -
18 9 18 26 -
18 28 18 33 -
18 64 18 75 -
19 6 19 14 -
19 16 19 23 -
19 26 19 29 -
19 31 19 33 -
19 64 19 65 -
19 67 19 73 -
20 6 20 33 -
20 57 20 58 -
20 60 20 71 -
20 73 20 75 -
21 6 21 11 -
21 13 21 32 -
20 55 21 55 -
21 57 21 61 -
21 63 21 72 -
22 6 22 21 -
22 23 22 30 -
22 55 22 59 -
22 62 22 66 -
22 68 22 72 -
23 0 23 2 -
23 4 23 4 -
23 6 23 7 -
23 9 23 10 -
23 12 23 27 -
23 29 23 30 -
23 32 23 32 -
23 36 23 36 -
23 62 23 62 -
23 64 23 67 -
23 69 23 70 -
23 72 23 72 -
24 0 24 20 -
24 22 24 30 -
24 32 24 36 -
23 55 24 60 -
24 63 24 72 -
25 0 25 30 -
25 35 25 35 -
25 55 25 59 -
25 61 25 62 -
25 64 25 68 -
25 71 25 72 -
26 0 26 1 -
26 3 26 8 -
26 10 26 11 -
26 13 26 20 -
26 22 26 22 -
26 24 26 29 -
26 59 26 72 -
27 2 27 2 -
27 20 27 29 -
26 35 27 36 -
27 41 27 41 -
27 43 27 43 -
27 58 27 62 -
27 64 27 72 -
28 19 28 21 -
28 23 28 30 -
28 43 28 44 -
28 57 28 58 -
29 19 29 22 -
29 25 29 30 -
30 19 30 30 -
31 19 31 19 -
31 21 31 24 -
31 26 31 30 -
31 33 31 33 -
32 19 33 30 -
34 19 34 19 -
34 21 34 30 -
35 19 36 20 -
35 22 36 30 -
37 19 37 28 -
37 30 37 30 -
37 33 37 33 -
37 35 37 36 -
36 46 37 54 -
38 20 38 30 -
38 46 38 48 -
38 50 38 52 -
39 21 39 27 -
39 29 39 30 -
39 49 39 52 -
38 54 39 54 -
39 63 39 79 -
39 19 40 19 -
40 22 40 28 -
40 30 40 30 -
40 49 40 50 -
40 52 40 55 -
40 75 40 79 -
41 3 41 6 -
41 19 41 30 -
39 46 41 47 -
41 49 41 49 -
41 51 41 54 -
40 63 41 73 -
42 4 42 6 -
42 20 42 25 -
42 28 42 30 -
42 54 42 54 -
42 63 42 64 -
42 69 42 73 -
41 76 42 79 -
43 3 43 6 -
43 25 43 30 -
43 53 43 54 -
43 63 43 66 -
43 70 43 71 -
43 73 43 73 -
43 75 43 79 -
44 3 44 14 -
44 16 44 16 -
43 21 44 23 -
44 25 44 29 -
44 72 44 75 -
44 77 44 79 -
45 7 45 7 -
45 9 45 16 -
45 21 45 21 -
45 23 45 26 -
45 28 45 29 -
44 63 45 70 -
45 73 45 74 -
46 8 46 8 -
46 10 46 14 -
46 21 46 34 -
44 54 46 54 -
46 63 46 66 -
46 69 46 74 -
45 76 46 79 -
47 7 47 27 -
47 29 47 33 -
47 35 47 35 -
47 63 47 69 -
47 72 47 78 -
45 0 48 0 -
48 16 48 17 -
48 19 48 27 -
48 29 48 35 -
47 53 48 54 -
48 63 48 64 -
48 66 48 71 -
48 73 48 76 -
48 78 48 79 -
48 7 49 14 -
49 16 49 24 -
49 26 49 29 -
49 31 49 32 -
49 34 49 40 -
49 54 49 54 -
49 63 49 63 -
49 65 49 69 -
49 72 49 74 -
50 0 50 0 -
50 7 50 10 -
50 12 50 19 -
50 21 50 23 -
50 25 50 33 -
50 35 50 36 -
50 38 50 40 -
50 63 50 74 -
49 76 50 79 -
51 10 51 15 -
51 17 51 17 -
51 19 51 40 -
50 53 51 54 -
51 65 51 70 -
51 72 51 77 -
51 79 51 79 -
52 10 52 18 -
52 20 52 22 -
52 24 52 30 -
52 32 52 33 -
52 53 52 64 -
52 68 52 68 -
52 70 52 72 -
52 74 52 79 -
53 10 53 10 -
53 12 53 25 -
53 53 53 58 -
53 60 53 65 -
53 67 53 67 -
53 72 53 72 -
53 75 53 79 -
54 0 54 25 -
54 54 54 57 -
54 59 54 61 -
54 63 54 63 -
54 66 54 66 -
54 72 54 77 -
55 0 55 4 -
55 6 55 8 -
55 11 55 12 -
55 14 55 15 -
55 17 55 21 -
55 47 55 47 -
55 53 55 62 -
55 64 55 67 -
55 73 55 79 -
56 11 56 11 -
56 13 56 14 -
56 16 56 21 -
56 53 56 57 -
56 60 56 61 -
56 63 56 67 -
56 72 56 76 -
56 79 56 79 -
57 11 57 13 -
57 15 57 15 -
57 17 57 19 -
57 21 57 21 -
57 53 57 55 -
57 57 57 64 -
57 73 57 79 -
58 11 58 12 -
58 14 58 20 -
58 53 58 61 -
58 63 58 64 -
58 72 58 79 -
59 11 59 16 -
59 53 59 53 -
59 55 59 64 -
59 73 59 79 -
60 12 60 16 -
59 23 60 26 -
60 53 60 56 -
60 58 60 61 -
60 63 60 64 -
60 72 60 79 -
61 11 61 12 -
61 14 61 16 -
61 24 61 24 -
61 53 61 53 -
61 55 61 57 -
61 59 61 63 -
61 73 61 75 -
61 78 61 79 -
62 11 62 11 -
62 13 62 16 -
62 23 62 26 -
62 53 62 57 -
62 59 62 59 -
62 62 62 63 -
61 65 62 65 -
62 72 62 77 -
62 79 62 79 -
63 11 63 14 -
63 53 63 61 -
63 63 63 66 -
63 68 63 73 -
64 42 64 43 -
64 46 64 50 -
64 52 64 66 -
64 68 64 70 -
64 72 64 73 -
65 0 65 1 -
65 45 65 49 -
65 51 65 66 -
65 69 65 70 -
65 74 65 76 -
64 11 66 16 -
66 45 66 45 -
66 47 66 58 -
66 60 66 65 -
66 70 66 76 -
66 0 67 0 -
67 52 67 54 -
67 61 67 65 -
67 70 67 71 -
67 73 67 76 -
68 51 68 54 -
68 61 68 62 -
68 64 68 65 -
68 70 68 73 -
68 75 68 76 -
69 8 69 8 -
69 24 69 28 -
69 30 69 34 -
69 36 69 37 -
69 39 69 41 -
69 43 69 44 -
69 51 69 51 -
69 53 69 54 -
70 11 70 14 -
70 23 70 24 -
70 28 70 38 -
70 40 70 44 -
69 56 70 59 -
69 61 70 65 -
71 8 71 12 -
71 24 71 24 -
71 28 71 28 -
71 30 71 31 -
71 33 71 44 -
71 58 71 59 -
71 61 71 62 -
71 64 71 64 -
69 70 71 75 -
72 8 72 14 -
72 23 72 24 -
72 28 72 29 -
72 31 72 37 -
72 39 72 44 -
71 56 72 56 -
72 61 72 63 -
72 65 72 65 -
72 70 72 76 -
73 8 73 12 -
73 23 73 28 -
73 30 73 30 -
73 32 73 35 -
73 37 73 42 -
73 62 73 65 -
73 70 73 71 -
73 74 73 76 -
74 8 74 8 -
74 10 74 12 -
74 23 74 29 -
74 31 74 37 -
74 39 74 42 -
73 44 74 44 -
74 61 74 63 -
74 67 74 67 -
74 69 74 76 -
75 8 75 11 -
75 23 75 30 -
75 32 75 44 -
75 61 75 61 -
75 63 75 64 -
75 67 75 69 -
75 72 75 76 -
76 8 76 8 -
76 10 76 16 -
76 23 76 44 -
76 61 76 65 -
76 67 76 68 -
76 70 76 70 -
77 8 77 12 -
77 14 77 16 -
77 23 77 31 -
77 33 77 33 -
77 35 77 35 -
77 44 77 44 -
77 67 77 70 -
78 8 78 16 -
78 23 78 25 -
78 27 78 28 -
78 30 78 36 -
77 38 78 41 -
78 43 78 44 -
70 0 79 0 -
79 8 79 11 -
79 13 79 16 -
79 18 79 18 -
79 23 79 23 -
79 27 79 27 -
79 29 79 40 -
79 42 79 43 -
77 64 79 65 -
52 0 53 0 +
56 0 64 0 +
44 1 53 1 +
56 1 61 1 +
63 1 64 1 +
9 2 9 2 +
45 2 47 2 +
49 2 50 2 +
52 2 53 2 +
56 2 66 2 +
29 2 30 3 +
45 3 53 3 +
56 3 62 3 +
64 3 65 3 +
45 4 47 4 +
51 4 53 4 +
56 4 66 4 +
45 5 53 5 +
56 5 59 5 +
61 5 62 5 +
64 5 64 5 +
66 5 66 5 +
45 6 46 6 +
48 6 48 6 +
50 6 53 6 +
57 6 62 6 +
64 6 66 6 +
51 7 52 7 +
56 7 56 7 +
59 7 65 7 +
0 1 0 8 +
52 8 53 8 +
56 8 60 8 +
62 8 64 8 +
66 8 68 8 +
70 8 70 8 +
51 9 53 9 +
55 9 62 9 +
64 9 70 9 +
55 10 60 10 +
62 10 64 10 +
66 10 70 10 +
1 10 1 11 +
67 11 68 11 +
62 12 62 12 +
67 12 67 12 +
69 12 69 12 +
75 12 75 12 +
1 13 1 13 +
67 13 69 14 +
73 13 75 14 +
67 15 73 15 +
75 15 75 15 +
68 16 70 16 +
72 16 72 16 +
43 17 46 17 +
59 17 69 17 +
71 17 74 17 +
76 17 78 17 +
15 18 15 18 +
43 18 43 18 +
45 18 46 18 +
59 18 62 18 +
64 18 65 18 +
67 18 78 18 +
59 19 68 19 +
70 19 73 19 +
75 19 77 19 +
79 19 79 19 +
43 19 44 20 +
46 19 46 20 +
59 20 66 20 +
68 20 74 20 +
77 20 79 20 +
58 21 64 21 +
66 21 69 21 +
73 21 73 21 +
76 21 79 21 +
73 22 79 22 +
0 27 4 27 +
6 27 16 27 +
70 25 72 27 +
1 28 16 28 +
1 29 11 29 +
13 29 16 29 +
53 26 54 29 +
56 29 56 29 +
58 29 60 29 +
62 29 67 29 +
2 30 8 30 +
10 30 16 30 +
53 30 59 30 +
61 30 66 30 +
68 30 68 30 +
27 31 27 31 +
29 31 32 31 +
34 31 43 31 +
53 31 57 31 +
59 31 67 31 +
26 32 32 32 +
35 32 43 32 +
53 32 68 32 +
25 33 30 33 +
32 33 34 33 +
36 33 36 33 +
53 33 54 33 +
56 33 64 33 +
66 33 68 33 +
21 33 23 34 +
25 34 27 34 +
29 34 29 34 +
31 34 36 34 +
65 34 66 34 +
68 34 68 34 +
22 35 23 35 +
28 35 36 35 +
52 34 63 35 +
28 36 35 36 +
52 36 52 36 +
54 36 55 36 +
57 36 64 36 +
52 37 54 37 +
56 37 60 37 +
62 37 64 37 +
67 36 68 37 +
46 36 48 38 +
52 38 60 38 +
63 38 64 38 +
68 38 68 38 +
58 39 64 39 +
70 39 70 39 +
0 40 2 40 +
4 40 8 40 +
52 39 55 40 +
58 40 59 40 +
61 40 62 40 +
64 40 64 40 +
0 41 8 41 +
52 41 52 41 +
67 39 68 41 +
0 42 0 42 +
2 42 6 42 +
8 42 8 42 +
0 43 8 43 +
22 43 24 43 +
1 44 3 44 +
5 44 13 44 +
21 44 22 44 +
24 44 24 44 +
68 43 68 44 +
0 45 4 45 +
21 45 23 45 +
41 45 41 45 +
70 45 79 45 +
1 46 5 46 +
21 46 22 46 +
24 46 24 46 +
67 45 68 46 +
70 46 72 46 +
74 46 75 46 +
77 46 78 46 +
0 47 0 47 +
2 47 3 47 +
69 47 77 47 +
79 47 79 47 +
67 48 70 48 +
72 48 74 48 +
76 48 79 48 +
0 48 3 49 +
5 48 5 49 +
67 49 72 49 +
74 49 79 49 +
2 50 5 50 +
67 50 71 50 +
73 50 73 50 +
75 50 77 50 +
70 51 79 51 +
1 51 5 52 +
70 52 73 52 +
75 52 79 52 +
1 53 1 53 +
26 53 29 53 +
70 53 71 53 +
73 53 75 53 +
78 53 79 53 +
27 54 27 54 +
29 54 29 54 +
71 54 75 54 +
27 55 29 55 +
49 55 51 55 +
70 55 75 55 +
26 56 29 56 +
32 56 32 56 +
67 55 68 56 +
73 56 76 56 +
78 55 79 56 +
2 54 2 57 +
32 57 33 57 +
67 57 67 57 +
73 57 75 57 +
77 57 78 57 +
35 58 40 58 +
67 58 68 58 +
68 59 68 59 +
72 58 79 59 +
2 60 2 60 +
67 60 69 60 +
71 60 79 60 +
0 55 0 62 +
39 59 40 62 +
6 63 6 63 +
77 61 79 63 +
57 65 60 65 +
57 66 58 66 +
60 66 62 66 +
11 67 13 67 +
57 67 57 67 +
59 67 61 67 +
11 68 11 68 +
13 68 14 68 +
53 68 62 68 +
0 69 4 69 +
7 69 11 69 +
14 69 14 69 +
53 69 54 69 +
56 69 57 69 +
59 69 62 69 +
4 70 4 70 +
7 70 7 70 +
9 70 14 70 +
29 70 34 70 +
53 70 62 70 +
29 71 33 71 +
53 71 56 71 +
58 71 62 71 +
0 70 1 72 +
3 71 4 72 +
6 71 14 72 +
20 72 20 72 +
29 72 31 72 +
33 72 34 72 +
0 73 2 73 +
4 73 14 73 +
21 73 22 73 +
29 73 30 73 +
32 73 34 73 +
0 74 10 74 +
14 74 14 74 +
22 74 22 74 +
30 74 34 74 +
43 74 43 74 +
0 75 14 75 +
21 75 22 75 +
29 75 31 75 +
33 75 34 75 +
0 76 13 76 +
30 76 34 76 +
0 77 8 77 +
10 77 13 77 +
29 77 31 77 +
0 78 7 78 +
9 78 13 78 +
29 78 32 78 +
34 77 34 78 +
54 78 54 78 +
0 79 1 79 +
5 79 13 79 +
17 77 20 79 +
29 79 29 79 +
32 79 34 79 +
