619
0 0 40 45 -
28 17 79 38 +
0 46 22 75 -
9 55 26 76 +
40 56 54 79 -
42 1 64 14 +
72 56 79 79 -
27 35 40 45 +
6 26 19 31 .
3 1 16 6 +
20 25 36 34 -
34 25 50 28 .
17 0 77 2 -
1 14 8 20 .
16 72 31 79 +
63 67 71 73 -
46 15 57 21 -
65 30 67 42 -
29 73 39 79 -
62 50 73 54 -
23 55 26 63 .
0 76 8 79 -
55 74 72 75 +
61 0 70 5 +
76 40 79 47 +
71 5 73 16 -
41 38 61 38 .
17 5 41 17 -
17 18 19 25 .
53 56 74 59 .
62 39 64 47 +
72 60 74 64 +
48 4 51 7 -
70 44 73 47 -
40 66 42 70 +
6 22 8 25 .
74 17 79 18 .
20 61 23 64 -
65 3 71 4 -
0 43 0 54 +
17 3 44 8 -
72 3 75 6 +
9 9 12 12 +
35 47 37 49 +
8 76 15 76 .
42 5 43 8 .
58 17 58 25 .
12 38 14 40 +
46 20 51 24 .
27 21 49 23 +
57 29 59 31 -
9 73 31 75 +
17 18 17 24 +
52 17 53 21 +
63 42 64 44 -
3 13 8 13 +
20 18 21 20 +
34 27 36 28 +
8 4 8 8 .
2 66 3 69 +
9 63 9 66 .
9 10 12 10 .
16 7 18 8 .
52 15 55 15 .
64 50 66 51 .
64 23 67 23 .
1 47 24 48 -
34 72 39 72 -
54 22 55 24 -
60 76 61 77 -
42 59 43 60 +
42 15 45 16 +
72 76 72 79 +
0 13 1 16 .
1 52 3 52 .
4 46 10 46 .
6 1 6 3 .
10 41 12 41 .
11 47 11 49 .
15 57 15 59 .
18 70 18 72 .
29 26 31 26 .
30 1 36 1 .
34 43 36 43 .
36 30 36 32 .
46 21 46 23 .
48 63 48 65 .
54 31 58 31 .
60 18 62 18 .
68 1 68 3 .
70 32 70 34 .
71 36 71 38 .
38 40 39 41 -
44 59 55 61 -
55 53 62 59 .
2 50 3 51 +
19 28 19 30 +
27 18 27 24 +
36 16 37 17 +
50 66 51 67 +
1 0 1 1 .
1 26 1 27 .
2 66 2 67 .
3 40 3 41 .
4 23 4 24 .
4 79 5 79 .
5 49 5 50 .
5 57 5 58 .
5 73 5 74 .
5 33 8 33 .
6 5 7 5 .
7 50 8 50 .
8 1 9 1 .
9 34 9 35 .
11 17 12 17 .
12 64 12 65 .
13 5 14 5 .
13 72 14 72 .
13 44 16 44 .
13 49 16 49 .
14 3 18 3 .
16 51 16 52 .
16 55 16 56 .
18 10 18 11 .
18 14 19 14 .
18 48 21 48 .
19 66 19 67 .
19 40 20 40 .
20 65 20 66 .
20 9 21 9 .
21 11 21 12 .
21 63 21 64 .
21 68 22 68 .
22 23 23 23 .
23 10 23 11 .
23 38 23 39 .
23 79 26 79 .
23 56 41 56 .
25 75 25 76 .
26 41 26 42 .
27 6 27 7 .
27 27 27 28 .
27 36 27 37 .
29 14 30 14 .
30 16 30 17 .
32 78 32 79 .
32 10 37 10 .
33 23 34 23 .
34 78 34 79 .
34 76 35 76 .
35 5 35 6 .
37 4 37 5 .
37 34 37 35 .
37 75 37 76 .
37 7 38 7 .
37 11 38 11 .
37 20 38 20 .
38 33 38 34 .
41 34 41 35 .
42 36 43 36 .
43 77 43 78 .
44 79 45 79 .
46 24 53 24 .
47 68 47 69 .
48 14 49 14 .
48 61 50 62 .
49 59 49 60 .
50 67 50 68 .
50 58 51 58 .
50 77 51 77 .
51 12 52 12 .
52 3 53 3 .
53 77 53 78 .
53 29 54 29 .
54 1 54 2 .
54 22 54 23 .
54 69 54 70 .
54 16 55 16 .
58 5 58 6 .
59 33 60 33 .
60 30 60 31 .
61 7 64 7 .
62 17 63 17 .
64 30 64 31 .
64 73 64 74 .
64 26 65 26 .
66 70 67 70 .
68 35 68 36 .
70 3 70 4 .
70 21 70 22 .
71 67 71 68 .
72 4 73 4 .
72 10 73 10 .
73 53 73 54 .
73 26 74 26 .
75 65 78 65 .
77 27 77 28 .
77 33 78 33 .
77 69 78 69 .
78 35 79 35 .
6 33 6 46 -
14 44 14 49 -
25 46 26 46 -
51 21 51 22 -
70 55 70 56 -
71 0 79 0 -
76 3 77 3 -
15 3 17 4 +
34 25 34 26 +
56 15 57 15 +
63 47 65 48 +
64 48 64 52 .
77 1 79 1 +
0 3 0 3 .
0 29 0 29 .
0 31 0 31 .
0 42 0 42 .
0 50 0 50 .
0 74 0 74 .
1 24 1 24 .
1 39 1 39 .
1 48 1 48 .
1 57 1 57 .
1 77 1 77 .
2 2 2 2 .
2 10 2 10 .
2 45 2 45 .
2 50 2 50 .
2 53 2 53 .
2 63 2 63 .
2 69 2 69 .
2 71 2 71 .
3 5 3 5 .
3 21 3 21 .
3 44 3 44 .
3 58 3 58 .
3 64 3 64 .
3 70 3 70 .
3 75 3 75 .
3 41 4 41 .
4 2 4 2 .
4 30 4 30 .
4 37 4 37 .
4 59 4 59 .
4 71 4 71 .
5 0 5 0 .
5 31 5 31 .
5 40 5 40 .
5 43 5 43 .
5 47 5 47 .
5 52 5 52 .
5 55 5 55 .
6 32 6 32 .
6 36 6 36 .
6 54 6 54 .
6 60 6 60 .
6 66 6 66 .
6 75 6 75 .
6 2 7 2 .
7 6 7 6 .
7 67 7 67 .
8 21 8 21 .
8 48 8 48 .
8 57 8 57 .
8 8 9 8 .
9 38 9 38 .
9 66 10 66 .
10 12 10 12 .
10 58 10 58 .
10 70 10 70 .
10 75 10 75 .
11 6 11 6 .
11 9 11 9 .
11 36 11 36 .
11 51 11 51 .
11 53 11 53 .
11 56 11 56 .
11 60 11 60 .
11 62 11 62 .
11 68 11 68 .
11 47 12 47 .
12 11 12 11 .
12 14 12 14 .
12 37 12 37 .
12 40 12 40 .
12 61 12 61 .
13 12 13 12 .
13 19 13 19 .
13 21 13 21 .
13 35 13 35 .
13 42 13 42 .
13 51 13 51 .
13 59 13 59 .
13 70 13 70 .
14 16 14 16 .
14 20 14 20 .
14 37 14 37 .
14 43 14 43 .
14 57 14 57 .
14 68 14 68 .
15 23 15 23 .
15 25 15 25 .
15 61 15 61 .
15 70 15 70 .
15 75 15 75 .
15 58 16 58 .
16 3 16 3 .
16 40 16 40 .
16 47 16 47 .
16 66 16 66 .
16 69 16 69 .
16 56 17 56 .
17 5 17 5 .
17 50 17 50 .
17 67 17 67 .
17 75 17 75 .
18 36 18 36 .
18 38 18 38 .
18 41 18 41 .
18 51 18 51 .
18 59 18 59 .
18 78 18 78 .
19 12 19 12 .
19 42 19 42 .
19 46 19 46 .
19 52 19 52 .
19 62 19 62 .
19 77 19 77 .
20 4 20 4 .
20 47 20 47 .
20 50 20 50 .
20 78 20 78 .
21 37 21 37 .
21 55 21 55 .
21 70 21 70 .
21 63 22 63 .
22 2 22 2 .
22 18 22 18 .
22 36 22 36 .
22 50 22 50 .
22 73 22 73 .
23 41 23 41 .
23 64 23 64 .
23 71 23 71 .
23 59 40 59 .
24 4 24 4 .
24 24 24 24 .
24 45 24 45 .
24 67 24 67 .
24 73 24 73 .
25 7 25 7 .
25 17 25 17 .
26 10 26 10 .
26 26 26 26 .
26 29 26 29 .
26 33 26 33 .
26 35 26 35 .
26 44 26 44 .
26 68 26 68 .
26 77 26 77 .
26 41 27 41 .
27 9 27 9 .
27 16 27 16 .
27 20 27 20 .
28 3 28 3 .
28 15 28 15 .
28 29 28 29 .
29 2 29 2 .
29 4 29 4 .
29 7 29 7 .
29 35 29 35 .
29 75 29 75 .
30 36 30 36 .
30 39 30 39 .
31 18 31 18 .
31 24 31 24 .
31 27 31 27 .
31 30 31 30 .
31 41 31 41 .
31 75 31 75 .
32 4 32 4 .
32 39 32 39 .
32 45 32 45 .
33 2 33 2 .
33 28 33 28 .
33 34 33 34 .
34 17 34 17 .
34 22 34 22 .
34 32 34 32 .
34 36 34 36 .
34 38 34 38 .
34 73 34 73 .
35 0 35 0 .
35 24 35 24 .
35 75 35 75 .
36 12 36 12 .
36 16 36 16 .
36 77 36 77 .
37 44 37 44 .
37 72 37 72 .
37 78 37 78 .
37 27 51 27 .
38 0 38 0 .
38 2 38 2 .
38 15 38 15 .
38 17 38 17 .
38 22 38 22 .
38 37 38 37 .
38 41 38 41 .
38 79 38 79 .
40 6 40 6 .
40 11 40 11 .
40 15 40 15 .
40 23 40 23 .
40 31 40 31 .
40 74 40 74 .
40 77 40 77 .
41 4 41 4 .
41 12 41 12 .
41 30 41 30 .
41 58 41 58 .
41 63 41 63 .
41 67 41 67 .
41 79 41 79 .
41 34 42 34 .
41 39 62 39 .
42 18 42 18 .
42 24 42 24 .
42 71 42 71 .
43 11 43 11 .
43 15 43 15 .
43 20 43 20 .
43 56 43 56 .
43 67 43 67 .
44 0 44 0 .
44 16 44 16 .
44 34 44 34 .
44 58 44 58 .
44 65 44 65 .
44 73 44 73 .
45 60 45 60 .
45 74 45 74 .
46 0 46 0 .
46 17 46 17 .
46 20 52 20 .
47 9 47 9 .
47 16 47 16 .
47 18 47 18 .
47 56 47 56 .
47 59 47 59 .
47 66 47 66 .
47 74 47 74 .
47 69 48 69 .
48 3 48 3 .
48 67 48 67 .
48 78 48 78 .
49 1 49 1 .
49 31 49 31 .
49 37 49 37 .
49 57 49 57 .
50 5 50 5 .
50 73 50 73 .
50 75 50 75 .
51 4 51 4 .
51 71 51 71 .
51 76 51 76 .
52 6 52 6 .
52 10 52 10 .
52 14 52 14 .
52 18 52 18 .
52 66 52 66 .
52 68 52 68 .
52 75 52 75 .
53 21 53 21 .
53 26 53 26 .
53 63 53 63 .
53 67 53 67 .
53 73 53 73 .
53 78 54 78 .
53 57 75 57 .
54 9 54 9 .
54 36 54 36 .
54 74 54 74 .
54 69 63 69 .
55 3 55 3 .
55 7 55 7 .
55 12 55 12 .
55 72 63 72 .
56 13 56 13 .
56 22 56 22 .
57 17 57 17 .
57 26 57 26 .
58 10 58 10 .
58 12 58 12 .
58 32 58 32 .
58 37 58 37 .
59 0 59 0 .
59 8 59 8 .
59 35 59 35 .
60 23 60 23 .
61 13 61 13 .
61 20 61 20 .
61 29 61 29 .
61 35 61 35 .
62 8 62 8 .
63 2 63 2 .
63 28 63 28 .
63 41 63 41 .
64 0 64 0 .
64 40 64 40 .
64 54 64 54 .
65 5 65 5 .
65 24 65 24 .
65 38 65 38 .
65 68 65 68 .
65 11 71 11 .
66 20 66 20 .
66 28 66 28 .
66 33 66 33 .
66 74 66 74 .
67 34 67 34 .
67 72 67 72 .
67 75 67 75 .
68 21 68 21 .
68 28 68 28 .
68 69 68 69 .
68 74 68 74 .
68 35 69 35 .
69 19 69 19 .
70 1 70 1 .
70 71 70 71 .
71 46 71 46 .
71 50 71 50 .
71 53 71 53 .
71 68 72 68 .
72 14 72 14 .
72 18 72 18 .
72 34 72 34 .
73 15 73 15 .
73 30 73 30 .
73 35 73 35 .
73 37 73 37 .
73 76 73 76 .
74 3 74 3 .
74 21 74 21 .
74 23 74 23 .
74 67 74 67 .
74 46 76 46 .
75 2 75 2 .
75 24 75 24 .
75 61 75 61 .
75 74 75 74 .
76 62 76 62 .
76 73 76 73 .
77 1 77 1 .
77 23 77 23 .
77 31 77 31 .
77 44 77 44 .
77 67 77 67 .
77 74 77 74 .
78 26 78 26 .
78 29 78 29 .
78 32 78 32 .
78 42 78 42 .
78 46 78 46 .
78 59 78 59 .
78 72 78 72 .
78 77 78 77 .
79 25 79 25 .
79 36 79 36 .
79 58 79 58 .
79 68 79 68 .
79 71 79 71 .
79 73 79 73 .
79 75 79 75 .
0 14 0 14 -
5 14 5 14 -
6 46 7 46 -
17 7 17 7 -
19 48 19 48 -
24 49 24 49 -
26 61 26 61 -
32 1 32 1 -
33 10 33 10 -
34 1 34 1 -
35 10 35 10 -
40 62 48 62 -
46 20 46 20 -
48 40 48 40 -
49 61 49 61 -
50 20 50 20 -
51 24 51 24 -
54 20 58 20 -
57 22 57 22 -
59 16 59 16 -
62 51 64 51 -
63 43 65 43 -
64 75 64 75 -
69 29 69 29 -
72 27 72 27 -
73 49 73 49 -
74 41 74 41 -
76 65 76 65 -
77 11 77 11 -
0 47 1 47 +
14 8 14 8 +
19 18 19 18 +
21 35 21 35 +
22 43 22 43 +
24 79 24 79 +
26 11 26 11 +
50 40 50 40 +
54 73 54 73 +
55 31 55 31 +
62 7 62 7 +
74 40 74 40 +
76 39 76 39 +
78 3 78 3 +
79 39 79 39 +
