420
0 0 79 79 +
0 22 0 23 .
0 39 0 39 .
0 45 0 45 .
1 2 1 2 .
1 13 1 13 .
1 17 1 17 .
1 48 1 48 .
1 52 1 52 .
2 25 2 25 .
2 46 2 46 .
2 62 2 62 .
2 64 2 64 .
2 73 2 73 .
2 75 2 75 .
3 38 3 38 .
3 67 3 67 .
3 72 3 72 .
4 3 4 3 .
4 6 4 6 .
4 33 4 33 .
4 41 4 41 .
4 44 4 44 .
4 70 4 70 .
4 78 4 78 .
5 4 5 4 .
5 13 5 13 .
5 37 5 37 .
5 45 5 45 .
5 73 5 73 .
5 79 5 79 .
6 25 6 25 .
6 53 6 53 .
6 55 6 55 .
6 57 6 58 .
6 72 6 72 .
7 0 7 0 .
7 7 7 7 .
7 34 7 35 .
7 61 7 61 .
7 67 7 67 .
7 76 7 76 .
8 10 8 10 .
8 26 8 26 .
8 60 8 60 .
8 64 8 64 .
8 70 8 70 .
9 5 9 5 .
9 11 9 11 .
9 13 9 13 .
9 27 9 27 .
9 36 9 36 .
9 50 9 50 .
9 67 9 67 .
9 71 9 71 .
9 76 9 76 .
9 78 9 78 .
10 15 10 15 .
10 18 10 18 .
10 22 10 22 .
10 34 10 34 .
10 58 10 58 .
11 0 11 0 .
11 6 11 6 .
11 16 11 16 .
11 28 11 29 .
11 43 11 43 .
11 60 11 60 .
11 73 11 73 .
11 78 11 78 .
12 57 12 57 .
12 76 12 76 .
13 15 13 15 .
13 19 13 19 .
13 23 13 23 .
13 32 13 32 .
13 49 13 49 .
13 71 13 71 .
14 0 14 0 .
14 7 14 7 .
14 16 14 16 .
14 64 14 64 .
13 69 14 69 .
14 34 15 34 .
15 37 15 37 .
15 46 15 46 .
15 49 15 49 .
15 54 15 54 .
15 62 15 62 .
16 14 16 14 .
16 25 16 25 .
16 27 16 27 .
16 38 16 38 .
16 42 16 42 .
16 45 16 45 .
16 47 16 47 .
16 50 16 50 .
16 76 16 76 .
16 12 17 12 .
16 30 17 30 .
17 40 17 40 .
17 61 17 61 .
16 71 17 71 .
18 8 18 8 .
18 19 18 19 .
18 31 18 31 .
18 62 18 62 .
18 77 18 77 .
19 3 19 3 .
19 15 19 15 .
19 32 19 32 .
19 45 19 45 .
19 57 19 57 .
19 71 19 71 .
20 2 20 3 .
20 6 20 7 .
20 50 20 50 .
20 59 20 59 .
21 9 21 9 .
21 21 21 21 .
21 42 21 42 .
21 47 21 47 .
21 53 21 53 .
22 29 22 29 .
22 45 22 45 .
22 65 22 66 .
23 20 23 20 .
23 46 23 46 .
23 52 23 52 .
24 33 24 33 .
24 41 24 41 .
24 70 24 70 .
25 9 25 10 .
25 12 25 12 .
25 15 25 15 .
24 37 25 37 .
25 69 25 69 .
26 16 26 16 .
26 43 26 43 .
26 50 26 50 .
26 63 26 63 .
27 1 27 1 .
27 33 27 33 .
27 52 27 52 .
27 77 27 77 .
28 2 28 2 .
28 8 28 9 .
28 40 28 40 .
29 14 29 14 .
28 17 29 17 .
29 33 29 33 .
28 68 29 68 .
29 74 29 74 .
29 76 29 76 .
29 79 29 79 .
30 40 30 40 .
30 60 30 60 .
31 3 31 3 .
31 5 31 5 .
31 9 31 9 .
31 36 31 36 .
31 39 31 39 .
31 41 31 41 .
31 50 31 50 .
31 57 31 57 .
31 68 31 68 .
32 51 32 51 .
32 59 32 59 .
33 3 33 3 .
33 5 33 5 .
33 20 33 20 .
33 30 33 30 .
33 40 33 41 .
33 48 33 48 .
33 54 33 54 .
33 62 33 62 .
33 75 33 76 .
34 36 34 37 .
34 52 34 53 .
34 56 34 56 .
34 60 34 60 .
34 64 34 64 .
34 1 35 1 .
35 6 35 6 .
35 8 35 8 .
35 10 35 10 .
35 21 35 21 .
35 45 35 45 .
35 75 35 75 .
36 7 36 7 .
36 9 36 10 .
36 17 36 18 .
36 24 36 24 .
36 41 36 41 .
36 45 36 46 .
37 15 37 16 .
36 68 37 68 .
37 76 37 76 .
38 5 38 5 .
37 21 38 21 .
38 23 38 23 .
38 27 38 27 .
38 36 38 36 .
39 14 39 14 .
39 32 39 32 .
39 35 39 35 .
39 44 39 44 .
39 46 39 46 .
40 11 40 11 .
40 17 40 17 .
40 41 40 41 .
41 28 41 28 .
41 39 41 40 .
40 51 41 51 .
41 70 41 70 .
41 76 41 76 .
42 9 42 9 .
42 23 42 23 .
42 27 42 27 .
42 29 42 29 .
42 35 42 35 .
43 14 43 14 .
43 42 43 42 .
43 45 43 45 .
43 47 43 47 .
43 50 43 50 .
43 71 43 71 .
44 26 44 26 .
44 41 44 41 .
44 60 44 60 .
44 13 45 13 .
45 46 45 46 .
45 70 45 70 .
46 2 46 2 .
46 13 46 14 .
46 24 46 24 .
46 28 46 28 .
46 36 46 36 .
46 74 46 75 .
47 22 47 22 .
47 44 47 44 .
47 53 47 53 .
48 17 48 17 .
48 32 48 32 .
48 37 48 37 .
48 40 48 40 .
48 51 48 51 .
48 0 49 0 .
49 22 49 22 .
48 30 49 30 .
49 34 49 34 .
49 45 49 45 .
49 71 49 71 .
48 77 49 77 .
49 10 50 10 .
51 1 51 1 .
51 8 51 8 .
51 13 51 14 .
51 66 51 66 .
52 62 52 62 .
52 67 52 67 .
53 0 53 0 .
53 6 53 6 .
53 29 53 29 .
53 69 53 69 .
53 76 53 77 .
54 29 54 30 .
54 67 54 67 .
54 73 54 73 .
55 5 55 5 .
55 45 55 45 .
55 47 55 47 .
55 54 55 54 .
55 56 55 56 .
55 65 55 65 .
55 72 55 72 .
55 78 55 78 .
56 26 56 26 .
56 42 56 42 .
56 66 56 66 .
56 68 56 68 .
57 6 57 6 .
57 44 57 44 .
57 46 57 46 .
56 48 57 48 .
57 53 57 54 .
57 57 57 57 .
57 67 57 67 .
58 15 58 15 .
58 17 58 17 .
58 23 58 23 .
58 34 58 34 .
58 36 58 36 .
58 50 58 50 .
58 55 58 55 .
58 77 58 77 .
59 26 59 26 .
59 37 59 37 .
59 58 59 58 .
60 0 60 0 .
60 29 60 29 .
60 32 60 32 .
60 43 60 44 .
60 74 60 74 .
59 76 60 76 .
61 10 61 10 .
61 17 61 17 .
61 20 61 20 .
60 40 61 40 .
61 51 61 51 .
61 76 61 77 .
62 26 62 26 .
62 28 62 28 .
62 36 62 36 .
62 38 62 38 .
62 48 62 48 .
63 3 63 3 .
63 19 63 19 .
63 43 63 43 .
63 60 63 60 .
63 66 63 66 .
63 68 63 68 .
64 4 64 4 .
64 16 64 16 .
64 36 64 36 .
64 48 64 48 .
64 71 64 71 .
64 76 64 76 .
65 5 65 5 .
65 31 65 31 .
65 35 65 35 .
65 39 65 39 .
64 41 65 41 .
65 55 65 55 .
65 63 65 63 .
66 20 66 20 .
66 50 66 50 .
66 71 66 71 .
67 3 67 3 .
67 11 67 11 .
67 35 67 35 .
67 44 67 44 .
67 53 67 53 .
67 57 67 57 .
67 75 67 75 .
68 7 68 7 .
68 46 68 46 .
69 19 69 19 .
69 26 69 26 .
69 45 69 46 .
69 59 69 59 .
69 68 69 68 .
69 29 70 29 .
70 58 70 58 .
70 64 70 64 .
71 21 71 21 .
71 25 71 25 .
71 39 71 39 .
71 61 71 61 .
71 77 71 77 .
72 15 72 15 .
72 27 72 27 .
72 32 72 32 .
72 52 72 52 .
72 54 72 54 .
72 69 72 69 .
72 76 72 76 .
73 10 73 10 .
73 24 73 24 .
73 41 73 41 .
73 67 73 67 .
74 13 74 13 .
74 15 74 15 .
74 34 74 34 .
74 48 74 48 .
74 58 74 59 .
75 10 75 10 .
75 23 75 23 .
75 40 75 40 .
74 45 75 45 .
74 62 75 62 .
75 67 75 67 .
76 8 76 8 .
76 29 76 29 .
76 31 76 31 .
76 34 76 34 .
76 46 76 46 .
76 52 76 52 .
77 5 77 5 .
77 33 77 33 .
77 36 77 36 .
77 39 77 39 .
77 48 77 48 .
77 72 77 73 .
78 30 78 30 .
78 37 78 37 .
78 60 78 60 .
78 69 78 69 .
79 1 79 1 .
78 14 79 14 .
79 28 79 28 .
79 36 79 36 .
78 46 79 46 .
79 49 79 49 .
79 61 79 61 .
79 65 79 65 .
79 76 79 76 .
21 70 22 71 -
24 8 24 10 -
25 8 25 8 -
26 8 26 10 -
32 54 32 54 -
37 10 39 13 -
40 10 40 10 -
40 12 40 13 -
42 45 42 45 -
67 20 70 23 -
78 3 78 3 -
78 47 78 49 -
79 47 79 48 -
