682
0 0 79 79 +
21 5 45 48 -
41 67 69 79 -
0 0 26 14 .
55 24 73 44 -
0 51 17 63 .
0 0 79 1 .
34 49 40 65 .
9 5 26 10 -
41 29 57 39 +
73 2 79 9 .
21 40 79 44 -
0 15 26 25 +
7 77 21 79 -
38 5 45 9 +
0 2 37 4 .
46 24 53 28 .
27 10 47 26 -
8 43 25 51 +
41 40 53 41 .
78 10 79 24 .
0 48 5 50 .
3 56 6 59 -
13 22 16 25 -
20 67 23 70 -
34 49 43 50 -
69 24 73 26 +
13 59 35 65 +
12 61 15 64 -
26 70 29 73 -
50 12 53 15 -
41 45 45 47 +
74 37 79 46 -
26 15 26 24 .
4 67 6 71 -
51 42 53 44 .
1 63 3 65 -
69 32 71 34 +
41 79 76 79 -
45 27 45 34 .
9 30 11 32 -
20 51 22 53 .
3 71 5 73 -
54 24 54 28 -
10 39 10 42 .
26 18 28 19 .
29 44 30 45 .
79 38 79 41 .
13 73 14 74 -
15 41 16 42 -
21 18 22 19 -
27 21 48 24 -
52 30 53 31 -
0 45 27 47 +
44 45 75 48 +
63 41 64 42 +
76 38 77 39 +
1 30 1 32 .
4 40 4 42 .
19 39 21 39 .
23 5 23 7 .
24 65 24 67 .
24 17 27 17 .
25 61 27 61 .
28 66 28 68 .
29 29 29 33 .
32 63 34 63 .
34 17 34 19 .
41 28 44 28 .
46 15 46 17 .
46 54 46 56 .
46 73 46 75 .
60 25 60 27 .
61 37 61 39 .
61 19 63 19 .
64 56 64 58 .
67 32 69 32 .
70 75 70 77 .
70 70 71 71 .
73 12 73 14 .
73 60 75 60 .
77 29 77 31 .
79 63 79 67 .
34 51 38 51 -
79 22 79 24 -
28 43 30 43 +
0 45 0 46 .
1 22 1 23 .
1 73 1 74 .
2 78 2 79 .
2 17 3 17 .
3 15 4 15 .
4 72 5 72 .
5 32 6 32 .
5 38 6 38 .
5 64 6 64 .
6 35 6 36 .
6 78 6 79 .
9 47 10 47 .
10 26 10 27 .
11 6 12 6 .
12 27 13 27 .
13 42 13 43 .
13 62 13 63 .
13 68 14 68 .
14 37 14 38 .
18 33 19 33 .
18 70 19 70 .
19 62 20 62 .
20 21 20 22 .
20 37 21 37 .
21 6 21 7 .
21 27 21 28 .
21 34 21 35 .
21 42 21 43 .
22 30 25 30 .
23 26 23 27 .
24 21 25 21 .
25 48 26 48 .
26 37 26 38 .
26 45 26 46 .
27 26 28 26 .
28 37 28 38 .
28 72 29 72 .
30 23 30 24 .
31 19 31 20 .
31 55 31 56 .
31 47 32 47 .
31 50 34 50 .
32 60 32 61 .
32 39 33 39 .
33 42 33 43 .
33 54 41 54 .
34 29 35 29 .
35 32 35 33 .
35 41 35 42 .
35 62 41 62 .
36 8 36 9 .
36 24 36 25 .
36 48 36 49 .
37 15 38 15 .
38 30 39 30 .
39 26 39 27 .
39 47 39 48 .
43 22 43 23 .
43 35 43 36 .
44 39 44 42 .
44 68 46 69 .
44 63 48 63 .
45 12 50 12 .
46 45 47 45 .
46 73 48 73 .
47 5 54 5 .
48 50 48 51 .
51 22 52 22 .
52 77 52 78 .
53 76 54 76 .
54 65 55 65 .
54 72 55 72 .
54 75 55 75 .
55 12 55 13 .
55 3 56 3 .
56 76 56 77 .
56 60 57 60 .
56 22 59 22 .
58 57 59 57 .
58 63 61 63 .
59 35 59 36 .
59 49 59 50 .
59 3 60 3 .
60 6 61 6 .
62 53 62 54 .
62 36 65 36 .
62 68 65 68 .
63 62 63 63 .
65 8 65 9 .
65 30 65 31 .
65 62 65 63 .
65 76 65 77 .
65 15 66 15 .
65 35 66 35 .
65 54 70 54 .
66 60 67 60 .
67 46 67 47 .
68 4 68 5 .
70 59 70 60 .
70 21 71 21 .
71 2 72 2 .
71 27 72 27 .
71 63 72 63 .
72 22 72 23 .
72 34 77 34 .
74 46 74 47 .
77 30 79 30 .
78 71 78 72 .
78 46 79 46 .
25 43 25 44 -
71 70 72 70 -
0 70 6 70 +
33 18 33 19 +
48 5 48 12 +
0 24 0 24 .
0 39 0 39 .
0 8 9 8 .
0 52 18 52 .
0 13 27 13 .
1 40 1 40 .
1 70 1 70 .
1 23 2 23 .
2 19 2 19 .
2 35 2 35 .
2 38 2 38 .
2 67 2 67 .
3 21 3 21 .
3 26 3 26 .
3 28 3 28 .
3 31 3 31 .
3 37 3 37 .
4 44 4 44 .
4 65 4 65 .
4 70 4 70 .
5 20 5 20 .
5 22 5 22 .
5 47 5 47 .
5 76 5 76 .
6 15 6 15 .
6 45 6 45 .
6 35 7 35 .
6 78 7 78 .
7 40 7 40 .
7 43 7 43 .
8 17 8 17 .
8 19 8 19 .
8 49 8 49 .
8 71 8 71 .
8 73 8 73 .
8 77 8 77 .
9 29 9 29 .
9 31 9 31 .
9 33 9 33 .
9 37 9 37 .
9 51 9 51 .
9 70 9 70 .
10 5 10 5 .
10 17 10 17 .
10 32 10 32 .
10 67 10 67 .
11 9 11 9 .
11 30 11 30 .
11 46 11 46 .
11 71 11 71 .
11 78 11 78 .
12 19 12 19 .
12 24 12 24 .
13 35 13 35 .
13 72 13 72 .
13 62 14 62 .
14 5 14 5 .
14 18 14 18 .
14 70 14 70 .
15 10 15 10 .
15 27 15 27 .
15 46 15 46 .
15 51 15 51 .
15 66 15 66 .
15 73 15 73 .
16 15 16 15 .
16 17 16 17 .
16 59 16 59 .
16 62 16 62 .
16 75 16 75 .
17 9 17 9 .
17 24 17 24 .
17 35 17 35 .
17 51 17 51 .
17 69 17 69 .
18 6 18 6 .
18 20 18 20 .
18 45 18 45 .
18 65 18 65 .
19 5 19 5 .
19 23 19 23 .
19 31 19 31 .
19 60 19 60 .
19 67 19 67 .
19 72 19 72 .
19 74 19 74 .
19 78 19 78 .
20 18 20 18 .
20 24 20 24 .
20 26 20 26 .
20 32 20 32 .
20 47 20 47 .
20 56 20 56 .
20 59 20 59 .
20 51 23 51 .
22 49 22 49 .
22 54 22 54 .
22 57 22 57 .
22 60 22 60 .
22 62 22 62 .
22 73 22 73 .
23 16 23 16 .
23 33 23 33 .
23 44 23 44 .
23 56 23 56 .
23 66 23 66 .
23 75 23 75 .
24 10 24 10 .
24 34 24 34 .
24 42 24 42 .
24 53 24 53 .
24 55 24 55 .
24 57 24 57 .
24 60 24 60 .
24 62 24 62 .
24 76 24 76 .
25 78 25 78 .
26 27 26 27 .
26 55 26 55 .
26 57 26 57 .
26 73 26 73 .
26 15 27 15 .
27 31 27 31 .
27 35 27 35 .
27 42 27 42 .
27 44 27 44 .
27 79 27 79 .
28 5 28 5 .
28 16 28 16 .
28 21 28 21 .
28 28 28 28 .
28 32 28 32 .
28 34 28 34 .
28 49 28 49 .
28 52 28 52 .
28 55 28 55 .
28 59 28 59 .
29 22 29 22 .
29 25 29 25 .
29 36 29 36 .
29 41 29 41 .
29 46 29 46 .
29 56 29 56 .
29 63 29 63 .
29 70 29 70 .
29 75 29 75 .
30 12 30 12 .
30 18 30 18 .
30 38 30 38 .
30 62 30 62 .
30 64 30 64 .
30 68 30 68 .
31 33 31 33 .
31 40 31 40 .
31 42 31 42 .
32 9 32 9 .
32 12 32 12 .
32 14 32 14 .
32 21 32 21 .
32 24 32 24 .
32 28 32 28 .
32 51 32 51 .
32 72 32 72 .
32 76 32 76 .
33 16 33 16 .
33 27 33 27 .
33 34 33 34 .
33 38 33 38 .
33 45 33 45 .
33 56 33 56 .
33 43 34 43 .
34 6 34 6 .
34 25 34 25 .
34 37 34 37 .
34 59 34 59 .
34 61 34 61 .
34 64 34 64 .
34 73 34 73 .
34 76 34 76 .
34 19 35 19 .
35 11 35 11 .
35 16 35 16 .
35 69 35 69 .
36 17 36 17 .
36 51 36 51 .
36 72 36 72 .
36 75 36 75 .
36 78 36 78 .
36 63 41 63 .
37 18 37 18 .
37 22 37 22 .
37 33 37 33 .
37 79 37 79 .
38 32 38 32 .
38 42 38 42 .
38 45 38 45 .
38 74 38 74 .
38 76 38 76 .
39 4 39 4 .
39 8 39 8 .
39 10 39 10 .
39 21 39 21 .
39 31 39 31 .
39 41 39 41 .
39 79 39 79 .
39 26 40 26 .
40 6 40 6 .
40 9 40 9 .
40 16 40 16 .
40 34 40 34 .
40 36 40 36 .
40 67 40 67 .
40 70 40 70 .
41 3 41 3 .
41 7 41 7 .
41 10 41 10 .
41 13 41 13 .
42 11 42 11 .
42 18 42 18 .
42 20 42 20 .
42 25 42 25 .
42 30 42 30 .
42 39 42 39 .
42 66 42 66 .
43 6 43 6 .
43 10 43 10 .
43 32 43 32 .
43 44 43 44 .
43 71 43 71 .
43 74 43 74 .
44 15 44 15 .
44 19 44 19 .
44 53 44 53 .
45 47 45 47 .
45 57 45 57 .
45 79 45 79 .
46 3 46 3 .
46 61 47 61 .
47 24 47 24 .
47 29 47 29 .
47 58 47 58 .
48 30 48 30 .
48 38 48 38 .
48 42 48 42 .
48 72 48 72 .
49 4 49 4 .
49 17 49 17 .
49 23 49 23 .
49 33 49 33 .
49 58 49 58 .
50 6 50 6 .
50 29 50 29 .
50 35 50 35 .
50 37 50 37 .
50 55 50 55 .
50 64 50 64 .
50 73 50 73 .
51 3 51 3 .
51 8 51 8 .
51 15 51 15 .
51 31 51 31 .
51 45 51 45 .
51 60 51 60 .
51 70 51 70 .
51 72 51 72 .
51 79 51 79 .
52 10 52 10 .
52 12 52 12 .
52 17 52 17 .
52 50 52 50 .
52 74 52 74 .
53 6 53 6 .
53 13 53 13 .
53 18 53 18 .
53 20 53 20 .
53 37 53 37 .
53 51 53 51 .
53 67 53 67 .
53 69 53 69 .
54 11 54 11 .
54 14 54 14 .
54 46 54 46 .
54 50 54 50 .
54 70 54 70 .
55 20 55 20 .
55 31 55 31 .
55 48 55 48 .
55 58 55 58 .
55 63 55 63 .
55 74 55 74 .
56 8 56 8 .
56 10 56 10 .
56 30 56 30 .
56 45 56 45 .
56 47 56 47 .
56 51 56 51 .
57 2 57 2 .
57 15 57 15 .
57 18 57 18 .
57 29 57 29 .
57 34 57 34 .
57 36 57 36 .
57 41 57 41 .
57 49 57 49 .
57 56 57 56 .
57 58 57 58 .
57 72 57 72 .
58 5 58 5 .
58 39 58 39 .
58 74 58 74 .
59 10 59 10 .
59 20 59 20 .
59 29 59 29 .
59 42 59 42 .
59 46 59 46 .
59 64 59 64 .
59 75 59 75 .
60 4 60 4 .
60 13 60 13 .
60 32 60 32 .
60 34 60 34 .
60 39 60 39 .
60 41 60 41 .
60 62 60 62 .
60 65 60 65 .
61 12 61 12 .
61 31 61 31 .
61 46 61 46 .
61 52 61 52 .
61 57 61 57 .
61 61 61 61 .
61 72 61 72 .
61 76 61 76 .
61 79 61 79 .
62 17 62 17 .
62 25 62 25 .
62 30 62 30 .
62 40 62 40 .
62 42 62 42 .
62 59 62 59 .
62 71 62 71 .
62 78 62 78 .
63 7 63 7 .
63 22 63 22 .
63 28 63 28 .
63 32 63 32 .
63 56 63 56 .
63 65 63 65 .
63 79 63 79 .
64 5 64 5 .
64 23 64 23 .
64 27 64 27 .
64 29 64 29 .
64 39 64 39 .
64 50 64 50 .
64 53 64 53 .
64 67 64 67 .
65 19 65 19 .
65 28 65 28 .
65 8 66 8 .
65 30 66 30 .
66 10 66 10 .
66 17 66 17 .
66 39 66 39 .
66 49 66 49 .
66 72 66 72 .
66 79 66 79 .
67 6 67 6 .
67 14 67 14 .
67 18 67 18 .
67 21 67 21 .
67 61 67 61 .
67 66 67 66 .
67 69 67 69 .
68 8 68 8 .
68 15 68 15 .
68 28 68 28 .
68 37 68 37 .
68 62 68 62 .
69 3 69 3 .
69 6 69 6 .
69 22 69 22 .
69 78 69 78 .
70 5 70 5 .
70 8 70 8 .
70 12 70 12 .
70 29 70 29 .
70 42 70 42 .
70 44 70 44 .
70 48 70 48 .
70 64 70 64 .
70 68 70 68 .
71 16 71 16 .
71 18 71 18 .
71 36 71 36 .
71 47 71 47 .
71 50 71 50 .
72 4 72 4 .
72 13 72 13 .
72 40 72 40 .
72 42 72 42 .
72 59 72 59 .
72 69 72 69 .
72 74 72 74 .
73 19 73 19 .
73 26 73 26 .
73 36 73 36 .
73 53 73 53 .
73 55 73 55 .
73 57 73 57 .
73 62 73 62 .
73 65 73 65 .
73 73 73 73 .
73 78 73 78 .
74 28 74 28 .
74 50 74 50 .
74 56 74 56 .
74 59 74 59 .
74 46 75 46 .
75 12 75 12 .
75 51 75 51 .
75 61 75 61 .
75 73 75 73 .
75 75 75 75 .
76 28 76 28 .
76 47 76 47 .
76 50 76 50 .
76 77 76 77 .
77 12 77 12 .
77 41 77 41 .
77 59 77 59 .
78 25 78 25 .
78 39 78 39 .
78 53 78 53 .
78 65 78 65 .
78 69 78 69 .
79 26 79 26 .
79 33 79 33 .
79 44 79 44 .
79 78 79 78 .
3 56 7 56 -
6 51 6 51 -
8 9 8 9 -
13 65 13 65 -
16 38 16 38 -
20 51 20 51 -
20 53 20 53 -
22 51 22 51 -
22 53 22 53 -
23 30 23 30 -
25 66 25 66 -
28 31 29 31 -
40 51 40 51 -
41 69 44 69 -
43 18 48 18 -
44 46 44 46 -
45 68 45 68 -
45 63 46 63 -
46 12 46 12 -
46 61 46 61 -
47 3 47 3 -
47 27 47 27 -
50 4 50 4 -
63 36 63 36 -
63 68 63 68 -
73 34 73 34 -
78 22 78 22 -
29 48 29 48 +
32 50 32 50 +
41 28 41 28 +
43 30 45 30 +
45 63 45 63 +
50 5 50 5 +
52 5 52 5 +
56 73 56 73 +
57 22 57 22 +
59 63 59 63 +
66 54 66 54 +
68 54 68 54 +
75 34 75 34 +
79 65 79 65 +
