761
0 0 79 79 +
1 32 79 67 -
0 52 79 63 +
0 8 79 11 -
0 36 79 39 +
0 24 79 27 -
1 0 79 3 -
0 16 79 19 -
0 56 79 59 -
0 72 79 75 -
0 44 78 47 +
60 5 60 70 -
74 72 77 74 +
58 44 61 47 -
50 2 50 59 +
59 56 60 60 +
52 54 56 54 .
60 9 60 20 +
5 61 6 62 .
27 66 27 69 .
49 47 51 48 .
0 32 50 33 -
8 70 9 71 -
50 14 50 17 -
8 48 11 48 +
60 25 60 28 +
60 33 60 36 +
0 68 0 71 .
2 52 2 54 .
7 78 9 78 .
14 42 16 42 .
28 33 30 33 .
28 40 30 40 .
30 18 30 21 .
33 15 33 23 .
36 56 36 58 .
39 27 42 28 .
45 1 48 1 .
48 5 48 7 .
51 57 51 59 .
52 68 56 68 .
55 36 57 36 .
59 71 63 71 .
61 55 61 58 .
61 47 63 47 .
65 29 65 31 .
69 3 69 5 .
71 26 73 26 .
74 33 76 33 .
76 55 76 57 .
77 45 79 46 .
79 51 79 53 .
0 38 0 40 -
0 63 0 65 -
14 36 16 36 -
50 38 50 40 -
50 46 50 48 -
50 54 50 56 -
60 13 60 16 -
22 16 24 16 +
60 41 60 43 +
60 49 60 51 +
60 65 60 67 +
0 9 0 10 .
0 30 0 31 .
0 35 0 36 .
0 47 0 49 .
0 18 6 18 .
2 30 3 30 .
2 77 3 77 .
4 37 4 38 .
5 71 6 71 .
6 24 6 25 .
8 24 8 25 .
10 77 11 77 .
11 22 12 22 .
11 25 12 25 .
13 9 13 10 .
13 15 14 15 .
13 23 14 23 .
15 71 15 72 .
16 54 21 54 .
17 57 18 57 .
18 11 18 12 .
18 73 18 74 .
18 48 19 48 .
20 76 20 77 .
22 61 23 61 .
23 72 23 73 .
23 40 24 40 .
24 46 25 46 .
24 48 27 48 .
26 27 26 28 .
26 41 26 42 .
26 54 26 55 .
27 17 27 18 .
28 72 28 73 .
28 44 29 44 .
30 10 30 12 .
30 46 30 47 .
30 42 31 42 .
31 60 34 60 .
34 55 34 56 .
34 32 37 32 .
36 73 36 74 .
37 15 37 16 .
37 34 38 34 .
37 39 38 39 .
39 22 42 22 .
40 2 41 2 .
40 17 41 17 .
40 73 41 73 .
41 30 41 31 .
42 14 42 15 .
42 19 43 19 .
43 12 43 13 .
43 46 43 47 .
44 23 44 24 .
44 34 44 35 .
44 76 44 77 .
45 12 45 13 .
45 31 45 32 .
45 38 46 38 .
45 10 47 11 .
46 51 46 52 .
49 66 49 67 .
50 7 50 9 .
50 22 50 25 .
50 34 53 34 .
53 7 53 8 .
53 43 54 43 .
54 16 54 17 .
54 65 54 66 .
55 5 55 6 .
55 25 55 26 .
55 29 55 30 .
56 40 57 40 .
57 44 58 44 .
57 62 58 62 .
58 7 59 7 .
58 77 61 77 .
59 52 60 52 .
59 68 60 68 .
61 13 62 13 .
62 25 62 26 .
63 0 63 1 .
65 21 65 22 .
65 44 66 44 .
66 52 67 52 .
66 69 67 69 .
68 16 68 17 .
68 74 68 75 .
69 12 69 13 .
70 1 70 2 .
72 61 73 61 .
73 47 74 47 .
73 54 74 54 .
76 25 77 25 .
77 15 77 16 .
77 29 78 29 .
77 48 78 48 .
78 23 79 23 .
79 34 79 35 .
79 73 79 74 .
0 6 0 7 -
0 14 0 15 -
0 22 0 23 -
0 54 0 55 -
49 23 50 24 -
50 30 50 31 -
50 70 50 71 -
50 78 50 79 -
0 18 0 19 +
0 58 0 59 +
40 19 40 22 +
47 1 47 2 +
50 66 50 67 +
50 74 50 75 +
60 1 60 3 +
60 74 60 75 +
0 1 0 1 .
0 24 0 24 .
0 26 0 26 .
0 41 0 41 .
0 62 0 62 .
0 75 0 75 .
0 78 0 78 .
0 35 1 35 .
0 49 1 49 .
1 33 1 33 .
1 38 1 38 .
1 57 1 57 .
1 66 1 66 .
2 4 2 4 .
2 15 2 15 .
2 17 2 17 .
2 62 2 62 .
2 71 2 71 .
3 9 3 9 .
3 16 3 16 .
3 28 3 28 .
3 51 3 51 .
3 55 3 55 .
3 61 3 61 .
3 70 3 70 .
3 78 3 78 .
4 1 4 1 .
4 6 4 6 .
4 19 4 19 .
4 35 4 35 .
4 40 4 40 .
4 44 4 44 .
4 46 4 46 .
4 54 4 54 .
4 59 4 59 .
5 4 5 4 .
5 12 5 12 .
5 32 5 32 .
5 50 5 50 .
5 55 5 55 .
5 73 5 73 .
6 37 6 37 .
6 44 6 44 .
6 59 6 59 .
6 68 6 68 .
6 72 6 72 .
6 77 6 77 .
7 0 7 0 .
7 6 7 6 .
7 9 7 9 .
7 21 7 21 .
7 35 7 35 .
7 41 7 41 .
7 69 7 69 .
7 75 7 75 .
8 15 8 15 .
8 37 8 37 .
8 67 8 67 .
8 74 8 74 .
9 23 9 23 .
9 41 9 41 .
9 49 9 49 .
9 65 9 65 .
10 10 10 10 .
10 21 10 21 .
10 43 10 43 .
10 61 10 61 .
10 72 10 72 .
10 74 10 74 .
10 11 11 11 .
10 39 11 39 .
10 59 11 59 .
10 63 11 63 .
11 0 11 0 .
11 28 11 28 .
11 52 11 52 .
12 3 12 3 .
12 5 12 5 .
12 24 12 24 .
12 34 12 34 .
12 44 12 44 .
12 48 12 48 .
12 65 12 65 .
12 74 12 74 .
13 0 13 0 .
13 18 13 18 .
13 39 13 39 .
13 59 13 59 .
13 73 13 73 .
14 1 14 1 .
14 8 14 8 .
14 28 14 28 .
14 32 14 32 .
14 47 14 47 .
14 49 14 49 .
14 57 14 57 .
14 61 14 61 .
15 4 15 4 .
15 6 15 6 .
15 19 15 19 .
15 21 15 21 .
15 25 15 25 .
15 58 15 58 .
15 68 15 68 .
15 79 15 79 .
16 11 16 11 .
16 29 16 29 .
16 45 16 45 .
16 70 16 70 .
17 0 17 0 .
17 59 17 59 .
18 9 18 9 .
18 16 18 16 .
18 19 18 19 .
18 36 18 36 .
18 46 18 46 .
18 56 18 56 .
18 70 18 70 .
18 79 18 79 .
19 6 19 6 .
19 28 19 28 .
19 39 19 39 .
19 45 19 45 .
19 53 19 53 .
19 63 19 63 .
20 7 20 7 .
20 14 20 14 .
20 21 20 21 .
20 36 20 36 .
20 47 20 47 .
20 70 20 70 .
20 76 21 76 .
21 13 21 13 .
21 28 21 28 .
21 45 21 45 .
21 72 21 72 .
22 23 22 23 .
22 25 22 25 .
22 29 22 29 .
22 42 22 42 .
22 55 22 55 .
22 77 22 77 .
23 22 23 22 .
23 26 23 26 .
23 30 23 30 .
23 63 23 63 .
23 65 23 65 .
23 70 23 70 .
24 2 24 2 .
24 12 24 12 .
24 39 24 39 .
25 1 25 1 .
25 5 25 5 .
25 10 25 10 .
25 17 25 17 .
25 29 25 29 .
25 72 25 72 .
26 0 26 0 .
26 12 26 12 .
26 58 26 58 .
26 27 27 27 .
27 14 27 14 .
27 37 27 37 .
27 77 27 77 .
28 3 28 3 .
28 6 28 6 .
28 12 28 12 .
28 28 28 28 .
28 34 28 34 .
28 41 28 41 .
28 54 28 54 .
28 63 28 63 .
28 76 28 76 .
28 78 28 78 .
28 72 29 72 .
29 9 29 9 .
29 24 29 24 .
29 29 29 29 .
29 37 29 37 .
29 50 29 50 .
29 61 29 61 .
30 25 30 25 .
30 38 30 38 .
30 49 30 49 .
30 52 30 52 .
30 64 30 64 .
30 71 30 71 .
30 11 31 11 .
30 21 31 21 .
30 51 31 51 .
31 16 31 16 .
31 37 31 37 .
31 58 31 58 .
31 69 31 69 .
32 41 32 41 .
32 45 32 45 .
32 53 32 53 .
32 57 32 57 .
32 72 32 72 .
32 79 32 79 .
33 7 33 7 .
33 13 33 13 .
33 26 33 26 .
33 33 33 33 .
33 51 33 51 .
33 67 33 67 .
33 71 33 71 .
34 0 34 0 .
34 5 34 5 .
34 34 34 34 .
34 37 34 37 .
34 69 34 69 .
34 75 34 75 .
34 79 34 79 .
35 9 35 9 .
35 13 35 13 .
35 18 35 18 .
35 29 35 29 .
35 43 35 43 .
35 67 35 67 .
36 6 36 6 .
36 11 36 11 .
36 36 36 36 .
36 45 36 45 .
36 65 36 65 .
36 56 37 56 .
37 26 37 26 .
37 30 37 30 .
37 51 37 51 .
37 61 37 61 .
37 67 37 67 .
38 10 38 10 .
38 74 38 74 .
39 7 39 7 .
39 33 39 33 .
39 52 39 52 .
39 60 39 60 .
40 0 40 0 .
40 46 40 46 .
40 53 40 53 .
40 55 40 55 .
40 68 40 68 .
40 71 40 71 .
40 78 40 78 .
41 9 41 9 .
41 16 41 16 .
41 36 41 36 .
41 50 41 50 .
41 56 41 56 .
42 1 42 1 .
42 34 42 34 .
42 54 42 54 .
42 59 42 59 .
42 61 42 61 .
43 7 43 7 .
43 25 43 25 .
43 55 43 55 .
43 62 43 62 .
44 18 44 18 .
44 43 44 43 .
44 60 44 60 .
44 68 44 68 .
45 20 45 20 .
45 48 45 48 .
45 55 45 55 .
45 58 45 58 .
45 73 45 73 .
45 78 45 78 .
45 10 48 10 .
46 4 46 4 .
46 16 46 16 .
46 19 46 19 .
46 21 46 21 .
46 28 46 28 .
46 34 46 34 .
46 41 46 41 .
47 3 47 3 .
47 15 47 15 .
47 29 47 29 .
47 42 47 42 .
47 57 47 57 .
47 64 47 64 .
47 69 47 69 .
48 16 48 16 .
48 24 48 24 .
48 51 48 51 .
48 60 48 60 .
48 62 48 62 .
48 73 48 73 .
49 3 49 3 .
49 17 49 17 .
49 23 49 23 .
49 59 49 59 .
49 69 49 69 .
49 75 49 75 .
50 0 50 0 .
50 41 50 41 .
50 45 50 45 .
50 49 50 49 .
50 57 50 57 .
50 63 50 63 .
51 11 51 11 .
51 14 51 14 .
51 17 51 17 .
51 77 51 77 .
51 58 52 58 .
52 5 52 5 .
52 15 52 15 .
52 20 52 20 .
52 27 52 27 .
52 32 52 32 .
52 37 52 37 .
52 40 52 40 .
52 45 52 45 .
52 51 52 51 .
52 56 52 56 .
52 73 52 73 .
52 76 52 76 .
53 0 53 0 .
53 2 53 2 .
53 12 53 12 .
53 19 53 19 .
53 47 53 47 .
53 63 53 63 .
53 75 53 75 .
53 7 54 7 .
54 38 54 38 .
54 16 55 16 .
55 11 55 11 .
55 18 55 18 .
55 21 55 21 .
55 23 55 23 .
55 45 55 45 .
55 53 55 53 .
55 57 55 57 .
55 76 55 76 .
55 6 56 6 .
56 2 56 2 .
56 10 56 10 .
56 55 56 55 .
56 59 56 59 .
57 1 57 1 .
57 9 57 9 .
57 11 57 11 .
57 16 57 16 .
57 26 57 26 .
57 31 57 31 .
57 34 57 34 .
57 60 57 60 .
57 76 57 76 .
57 79 57 79 .
58 22 58 22 .
58 24 58 24 .
58 33 58 33 .
58 46 58 46 .
58 53 58 53 .
58 59 58 59 .
59 3 59 3 .
59 6 59 6 .
59 27 59 27 .
59 41 59 41 .
59 45 59 45 .
59 50 59 50 .
59 54 59 54 .
59 57 59 57 .
59 61 59 61 .
59 66 59 66 .
59 79 59 79 .
60 2 60 2 .
60 14 60 14 .
60 62 60 62 .
61 6 61 6 .
61 30 61 30 .
61 44 61 44 .
62 18 62 18 .
62 46 62 46 .
62 66 62 66 .
62 76 62 76 .
62 25 63 25 .
63 27 63 27 .
63 64 63 64 .
63 73 63 73 .
63 79 63 79 .
64 18 64 18 .
64 26 64 26 .
64 58 64 58 .
65 6 65 6 .
65 15 65 15 .
65 36 65 36 .
65 67 65 67 .
66 17 66 17 .
66 26 66 26 .
66 38 66 38 .
66 62 66 62 .
66 71 66 71 .
67 13 67 13 .
67 18 67 18 .
67 31 67 31 .
67 45 67 45 .
67 54 67 54 .
67 63 67 63 .
68 11 68 11 .
68 41 68 41 .
68 55 68 55 .
68 66 68 66 .
68 70 68 70 .
68 79 68 79 .
69 0 69 0 .
69 7 69 7 .
69 22 69 22 .
69 38 69 38 .
69 54 69 54 .
69 58 69 58 .
69 67 69 67 .
70 40 70 40 .
70 44 70 44 .
70 63 70 63 .
71 20 71 20 .
71 50 71 50 .
71 53 71 53 .
71 65 71 65 .
72 7 72 7 .
72 18 72 18 .
72 42 72 42 .
73 35 73 35 .
73 43 73 43 .
73 52 73 52 .
73 57 73 57 .
74 31 74 31 .
74 49 74 49 .
74 51 74 51 .
74 53 74 53 .
74 67 74 67 .
74 74 74 74 .
75 1 75 1 .
75 30 75 30 .
75 73 75 73 .
75 78 75 78 .
76 9 76 9 .
76 14 76 14 .
76 21 76 21 .
76 40 76 40 .
76 51 76 51 .
76 69 76 69 .
76 74 76 74 .
76 56 77 56 .
77 5 77 5 .
77 22 77 22 .
77 26 77 26 .
77 50 77 50 .
77 54 77 54 .
77 60 77 60 .
77 71 77 71 .
77 15 78 15 .
78 0 78 0 .
78 2 78 2 .
78 9 78 9 .
78 31 78 31 .
78 37 78 37 .
78 67 78 67 .
78 77 78 77 .
79 20 79 20 .
79 43 79 43 .
79 47 79 47 .
79 59 79 59 .
79 70 79 70 .
0 0 0 0 -
0 46 0 46 -
0 48 0 48 -
0 70 0 70 -
0 79 0 79 -
2 18 2 18 -
4 18 4 18 -
8 71 10 71 -
10 7 10 7 -
10 15 10 15 -
10 23 10 23 -
10 31 10 31 -
10 39 10 39 -
10 55 10 55 -
10 63 10 63 -
10 79 10 79 -
13 20 13 20 -
15 8 50 8 -
19 19 33 19 -
20 15 20 15 -
20 23 20 23 -
20 31 20 31 -
20 39 20 39 -
20 55 20 55 -
20 63 20 63 -
20 71 20 71 -
20 79 20 79 -
21 47 21 47 -
22 46 22 46 -
25 48 25 48 -
28 17 33 17 -
30 7 30 7 -
30 15 30 15 -
30 23 30 23 -
30 31 30 31 -
30 39 30 39 -
30 55 30 55 -
30 63 30 63 -
30 79 30 79 -
35 32 35 32 -
37 11 45 11 -
38 36 38 36 -
40 7 40 7 -
40 15 40 15 -
40 23 40 23 -
40 31 40 31 -
40 39 40 39 -
40 47 40 47 -
40 63 40 63 -
40 79 40 79 -
40 27 41 27 -
46 10 46 10 -
50 6 50 6 -
50 62 50 62 -
51 34 51 34 -
52 69 52 69 -
59 59 59 59 -
68 76 68 76 -
0 11 0 11 +
0 27 0 27 +
0 74 0 74 +
5 41 5 41 +
10 3 10 3 +
10 11 10 11 +
10 19 10 19 +
10 27 10 27 +
10 35 10 35 +
10 51 10 51 +
10 59 10 59 +
10 67 10 67 +
10 75 10 75 +
17 54 17 54 +
19 54 19 54 +
20 3 20 3 +
20 11 20 11 +
20 19 20 19 +
20 27 20 27 +
20 35 20 35 +
20 43 20 43 +
20 51 20 51 +
20 59 20 59 +
20 67 20 67 +
20 75 20 75 +
29 28 39 28 +
30 3 30 3 +
30 11 30 11 +
30 19 30 19 +
30 27 30 27 +
30 35 30 35 +
30 43 30 43 +
30 51 30 51 +
30 59 30 59 +
30 67 30 67 +
30 75 30 75 +
32 60 32 60 +
32 21 33 21 +
33 59 33 59 +
40 3 40 3 +
40 11 40 11 +
40 27 40 27 +
40 35 40 35 +
40 43 40 43 +
40 51 40 51 +
40 59 40 59 +
40 67 40 67 +
40 75 40 75 +
43 67 43 67 +
47 2 48 2 +
54 68 54 68 +
59 77 59 77 +
59 56 61 56 +
61 71 61 71 +
74 17 74 17 +
78 46 78 46 +
79 45 79 45 +
