577
0 63 0 77 -
1 63 1 69 -
1 71 1 74 -
1 76 1 77 -
2 2 2 3 -
2 63 2 77 -
3 19 3 21 -
3 2 4 4 -
4 19 4 20 -
4 63 4 69 -
4 72 4 73 -
5 19 5 21 -
6 36 6 36 -
5 47 6 48 -
8 21 8 21 -
8 23 8 27 -
8 29 8 34 -
8 36 8 38 -
8 51 8 54 -
9 23 9 30 -
9 33 9 33 -
9 35 9 39 -
9 41 9 43 -
9 51 9 52 -
10 37 10 43 -
11 36 11 43 -
10 51 11 54 -
12 36 12 36 -
12 38 12 43 -
12 52 12 54 -
13 36 13 42 -
14 39 14 40 -
14 36 15 37 -
14 42 16 43 -
17 3 17 3 -
16 37 17 38 -
18 2 18 3 -
18 36 20 38 -
15 9 21 11 -
21 36 21 36 -
21 38 21 38 -
21 51 22 53 -
23 53 23 53 -
23 17 25 18 -
27 44 27 45 -
28 44 28 44 -
28 72 28 72 -
29 44 29 46 -
29 55 30 56 -
30 67 30 70 -
30 72 30 73 -
30 76 30 76 -
31 66 31 66 -
31 68 31 76 -
32 31 32 31 -
32 66 32 76 -
33 2 33 2 -
33 29 33 32 -
33 58 33 58 -
33 69 33 70 -
33 73 33 76 -
33 13 34 16 -
33 66 34 67 -
34 69 34 69 -
34 71 34 75 -
35 13 35 15 -
35 66 35 68 -
35 70 35 76 -
36 13 36 16 -
36 66 36 73 -
36 75 36 76 -
37 66 37 69 -
37 71 37 71 -
37 73 37 76 -
38 66 38 66 -
30 78 38 78 -
39 53 39 56 -
39 8 40 9 -
40 11 40 19 -
40 21 40 21 -
41 12 41 21 -
42 15 42 15 -
42 17 42 21 -
42 11 43 13 -
43 15 43 16 -
43 18 43 21 -
43 26 43 26 -
42 32 43 33 -
44 11 44 24 -
44 53 44 53 -
45 12 45 24 -
45 47 45 47 -
45 62 45 62 -
46 11 46 16 -
46 18 46 19 -
46 21 46 22 -
46 24 46 24 -
46 40 46 47 -
46 49 46 55 -
45 59 46 59 -
46 61 46 62 -
47 11 47 21 -
47 40 47 55 -
48 40 48 41 -
48 43 48 46 -
48 48 48 55 -
47 59 48 60 -
48 62 48 62 -
48 11 49 15 -
48 20 49 21 -
49 40 49 40 -
49 42 49 51 -
49 53 49 54 -
50 1 50 10 -
50 13 50 15 -
50 21 50 21 -
51 58 51 58 -
52 0 52 0 -
52 77 52 77 -
53 0 53 1 -
54 0 54 0 -
54 2 54 2 -
54 66 54 67 -
56 3 56 3 -
61 36 61 36 -
61 38 61 44 -
61 46 61 46 -
61 50 61 55 -
62 38 62 43 -
62 45 62 49 -
62 51 62 55 -
63 22 63 22 -
63 37 63 41 -
63 43 63 47 -
63 49 63 51 -
64 36 64 41 -
65 36 65 36 -
65 38 65 41 -
66 36 66 41 -
64 43 66 49 -
67 31 67 31 -
67 36 67 44 -
67 46 67 47 -
67 49 67 49 -
68 37 68 43 -
68 45 68 46 -
68 48 68 49 -
68 51 68 51 -
63 54 68 55 -
69 38 69 46 -
69 49 69 51 -
69 56 69 58 -
69 36 70 36 -
70 39 70 41 -
70 43 70 58 -
71 36 71 42 -
71 44 71 48 -
71 56 71 58 -
72 36 72 45 -
72 47 72 51 -
73 28 73 30 -
73 32 73 44 -
73 46 73 51 -
74 24 74 26 -
74 28 74 33 -
75 4 75 4 -
75 6 75 10 -
75 12 75 12 -
75 16 75 16 -
75 24 75 29 -
75 32 75 32 -
75 77 75 77 -
75 79 75 79 -
76 5 76 5 -
76 7 76 9 -
76 11 76 13 -
76 15 76 16 -
76 24 76 24 -
76 26 76 29 -
76 31 76 32 -
77 4 77 11 -
77 13 77 16 -
77 26 77 31 -
76 77 77 79 -
78 4 78 6 -
78 8 78 16 -
78 25 78 33 -
79 4 79 4 -
79 6 79 11 -
79 14 79 16 -
0 15 0 15 +
0 17 0 22 +
0 24 0 26 +
0 29 0 31 +
0 35 0 41 +
0 43 0 43 +
0 46 0 47 +
0 78 0 78 +
1 15 1 16 +
1 18 1 21 +
1 23 1 24 +
1 26 1 28 +
1 30 1 30 +
1 33 1 38 +
1 40 1 40 +
1 42 1 45 +
1 47 1 47 +
2 15 2 18 +
2 20 2 26 +
2 28 2 29 +
2 31 2 33 +
2 35 2 42 +
2 44 2 47 +
1 78 2 79 +
3 22 3 23 +
3 25 3 47 +
3 63 3 66 +
3 68 3 77 +
3 79 3 79 +
4 22 4 24 +
4 26 4 29 +
4 31 4 32 +
4 34 4 37 +
4 40 4 44 +
4 47 4 47 +
5 22 5 39 +
5 41 5 42 +
5 44 5 46 +
6 19 6 27 +
6 29 6 35 +
6 37 6 46 +
6 65 6 65 +
7 20 7 34 +
7 36 7 39 +
7 41 7 42 +
7 44 7 46 +
7 48 7 48 +
8 19 8 19 +
8 39 8 50 +
9 19 9 20 +
9 44 10 50 +
11 44 11 46 +
12 12 12 12 +
12 44 12 44 +
12 46 12 46 +
13 44 13 45 +
14 44 14 46 +
15 29 15 29 +
15 39 15 40 +
15 44 15 45 +
16 40 16 41 +
16 35 17 36 +
16 44 19 46 +
20 30 20 30 +
23 22 23 28 +
23 30 23 31 +
24 22 24 24 +
24 26 24 31 +
25 22 25 23 +
25 25 25 31 +
26 22 26 25 +
26 27 26 28 +
26 30 26 31 +
26 59 26 59 +
26 62 26 62 +
26 77 26 77 +
27 17 27 31 +
27 58 27 60 +
27 62 27 63 +
28 9 28 9 +
28 11 28 11 +
28 17 28 27 +
28 29 28 30 +
28 32 28 32 +
28 73 28 74 +
29 8 29 9 +
29 17 29 20 +
29 22 29 26 +
29 28 29 38 +
29 40 29 41 +
30 17 30 23 +
30 25 30 30 +
30 32 30 39 +
30 41 30 41 +
28 58 30 63 +
30 79 30 79 +
31 13 31 17 +
31 19 31 25 +
31 29 31 30 +
31 32 31 43 +
31 58 31 59 +
31 61 31 63 +
31 4 32 4 +
32 16 32 23 +
32 26 32 27 +
32 33 32 36 +
32 38 32 40 +
32 58 32 60 +
32 62 32 63 +
33 4 33 8 +
33 10 33 12 +
33 17 33 17 +
33 19 33 23 +
33 25 33 28 +
33 33 33 38 +
33 40 33 43 +
33 59 33 63 +
34 4 34 12 +
34 17 34 18 +
34 20 34 24 +
34 27 34 27 +
34 29 34 33 +
34 36 34 39 +
34 58 34 58 +
34 60 34 60 +
34 63 34 63 +
30 77 34 77 +
35 4 35 7 +
35 9 35 10 +
35 12 35 12 +
35 17 35 24 +
35 26 35 28 +
35 33 35 38 +
34 41 35 41 +
36 4 36 5 +
36 7 36 7 +
36 9 36 12 +
36 17 36 19 +
36 21 36 21 +
36 24 36 28 +
36 35 36 36 +
36 38 36 39 +
35 59 36 63 +
36 77 36 77 +
37 4 37 7 +
37 10 37 11 +
37 13 37 13 +
37 15 37 17 +
37 19 37 28 +
37 33 37 35 +
37 37 37 41 +
37 52 37 52 +
37 58 37 59 +
37 61 37 63 +
38 2 38 6 +
38 8 38 9 +
38 11 38 13 +
38 15 38 23 +
38 25 38 25 +
38 33 38 33 +
38 35 38 41 +
38 67 38 77 +
33 79 38 79 +
39 2 39 7 +
39 10 39 12 +
39 14 39 14 +
39 16 39 25 +
38 27 39 28 +
39 33 39 36 +
39 38 39 39 +
39 41 39 41 +
39 58 39 60 +
39 62 39 63 +
39 65 39 70 +
39 72 39 75 +
39 77 39 79 +
40 2 40 6 +
40 22 40 22 +
40 24 40 24 +
40 26 40 26 +
40 28 40 28 +
40 33 40 40 +
40 58 40 58 +
40 60 40 79 +
41 2 41 8 +
40 10 41 10 +
41 22 41 28 +
41 58 41 60 +
41 62 41 70 +
41 72 41 72 +
41 74 41 74 +
41 76 41 79 +
42 7 42 10 +
42 22 42 23 +
42 25 42 28 +
42 69 42 72 +
42 74 42 79 +
42 2 43 4 +
43 6 43 10 +
43 22 43 24 +
43 27 43 28 +
43 54 43 56 +
43 69 43 70 +
43 72 43 77 +
43 79 43 79 +
44 2 44 10 +
44 55 44 56 +
44 71 44 79 +
45 2 45 3 +
45 5 45 5 +
45 8 45 10 +
44 25 45 28 +
45 54 45 56 +
44 69 45 69 +
45 71 45 72 +
45 74 45 79 +
46 2 46 7 +
46 9 46 10 +
46 25 46 25 +
46 27 46 28 +
45 31 46 32 +
46 70 46 77 +
46 79 46 79 +
47 23 47 24 +
47 69 47 71 +
47 73 47 79 +
47 2 48 10 +
48 16 48 19 +
48 22 48 24 +
47 26 48 28 +
48 63 48 64 +
48 69 48 75 +
48 78 48 79 +
49 3 49 10 +
49 17 49 19 +
49 22 49 28 +
49 59 49 59 +
49 62 49 63 +
49 69 49 79 +
50 16 50 19 +
50 22 50 27 +
50 60 50 64 +
50 71 50 79 +
51 0 51 18 +
51 28 51 28 +
51 69 51 72 +
51 74 51 77 +
51 79 51 79 +
52 3 52 10 +
52 12 52 14 +
51 36 52 38 +
52 69 52 70 +
52 73 52 76 +
52 78 52 79 +
53 3 53 11 +
53 13 53 14 +
53 37 53 38 +
51 59 53 64 +
53 69 53 73 +
53 75 53 75 +
53 77 53 79 +
54 3 54 6 +
54 8 54 9 +
54 11 54 14 +
54 69 54 79 +
55 0 55 10 +
55 12 55 13 +
55 48 55 48 +
55 65 55 77 +
55 79 55 79 +
56 0 56 2 +
56 4 56 14 +
56 18 56 26 +
56 65 56 76 +
56 78 56 79 +
57 0 57 5 +
57 7 57 14 +
57 18 57 24 +
57 26 57 26 +
57 56 57 58 +
57 62 57 62 +
57 65 57 68 +
58 0 58 14 +
58 21 58 22 +
58 24 58 24 +
58 56 58 59 +
58 65 58 66 +
59 6 59 8 +
59 10 59 14 +
58 18 59 19 +
59 21 59 23 +
59 25 59 26 +
59 0 60 4 +
60 6 60 14 +
60 18 60 18 +
60 20 60 21 +
60 23 60 24 +
60 26 60 27 +
59 56 60 56 +
59 58 60 59 +
61 0 61 0 +
61 3 61 11 +
61 13 61 14 +
61 18 61 26 +
62 0 62 4 +
62 7 62 14 +
62 18 62 20 +
62 22 62 23 +
62 25 62 27 +
63 0 63 2 +
63 4 63 6 +
63 8 63 11 +
63 13 63 14 +
63 18 63 19 +
63 21 63 21 +
63 23 63 27 +
64 0 64 4 +
64 7 64 14 +
64 18 64 26 +
63 79 64 79 +
65 1 65 3 +
65 5 65 6 +
65 9 65 10 +
65 12 65 12 +
64 50 65 52 +
66 0 66 3 +
66 5 66 12 +
65 14 66 14 +
67 0 67 1 +
67 3 67 14 +
66 50 67 53 +
68 0 68 3 +
68 5 68 11 +
68 13 68 14 +
69 0 69 2 +
69 4 69 6 +
69 8 69 14 +
70 0 70 8 +
71 0 71 1 +
71 3 71 8 +
70 10 71 14 +
71 31 71 31 +
68 74 71 74 +
72 0 72 11 +
72 13 72 14 +
72 30 72 31 +
72 52 72 53 +
72 56 72 61 +
72 63 72 66 +
72 68 72 68 +
72 70 72 74 +
73 0 73 7 +
73 9 73 12 +
73 14 73 16 +
73 53 73 57 +
73 59 73 62 +
73 64 73 64 +
73 67 73 74 +
74 0 74 23 +
74 52 74 61 +
74 63 74 74 +
75 1 75 3 +
75 13 75 14 +
75 17 75 18 +
75 20 75 20 +
75 22 75 23 +
75 53 75 66 +
75 68 75 76 +
76 17 76 19 +
76 21 76 23 +
76 52 76 55 +
76 57 76 62 +
76 64 76 72 +
76 74 76 76 +
77 17 77 23 +
77 76 77 76 +
76 0 78 3 +
78 19 78 21 +
78 23 78 23 +
78 76 78 78 +
79 0 79 0 +
79 2 79 3 +
78 17 79 17 +
79 19 79 25 +
79 41 79 41 +
79 76 79 77 +
79 79 79 79 +
