305
10 11 32 12 -
10 13 22 13 -
24 13 29 13 -
31 13 32 13 -
10 14 15 14 -
17 14 32 14 -
10 15 17 15 -
19 15 32 15 -
10 16 23 16 -
25 16 32 16 -
10 17 10 17 -
10 18 11 23 -
38 24 48 24 -
38 25 51 26 -
56 25 70 26 -
56 27 64 27 -
66 27 70 27 -
34 27 51 29 -
56 28 70 29 -
34 30 70 30 -
4 28 11 31 -
36 31 47 31 -
49 31 63 31 -
65 31 70 31 -
4 32 7 32 -
9 32 11 32 -
36 32 36 32 -
38 32 70 32 -
36 33 39 33 -
41 33 60 33 -
62 33 73 33 -
75 33 79 33 -
36 34 41 34 -
43 34 60 34 -
62 34 76 34 -
78 34 79 34 -
36 35 54 35 -
56 35 60 35 -
36 36 60 36 -
62 35 79 36 -
4 33 11 37 -
36 37 53 37 -
55 37 58 37 -
60 37 60 37 -
38 38 51 38 -
57 38 60 38 -
62 37 72 38 -
74 37 79 38 -
38 39 42 39 -
44 39 51 39 -
57 39 58 39 -
60 39 60 39 -
62 39 78 39 -
62 40 74 40 -
76 40 79 40 -
65 41 76 41 -
78 41 79 41 -
62 41 63 42 -
65 42 72 42 -
74 42 79 42 -
38 40 51 45 -
10 46 11 46 -
3 47 11 47 -
3 48 20 48 -
22 48 25 48 -
62 43 79 48 -
3 49 25 49 -
57 40 60 49 -
62 49 70 49 -
37 50 46 50 -
48 50 51 50 -
53 50 60 50 -
72 49 79 50 -
37 51 64 51 -
66 51 73 51 -
75 51 79 51 -
0 50 25 52 -
60 52 71 52 -
73 52 79 52 -
0 53 6 53 -
8 53 25 53 -
60 53 79 53 -
0 54 18 54 -
20 54 21 54 -
23 54 25 54 -
60 54 76 54 -
78 54 79 54 -
0 55 25 55 -
60 55 72 55 -
74 55 79 55 -
0 56 13 56 -
15 56 25 56 -
61 56 67 56 -
69 56 79 56 -
60 57 63 57 -
65 57 79 57 -
0 57 25 58 -
60 58 77 58 -
79 58 79 58 -
0 59 23 59 -
25 59 25 59 -
0 60 0 60 -
2 60 16 60 -
18 60 25 60 -
60 59 79 60 -
37 52 48 61 -
59 61 72 61 -
74 61 79 61 -
17 61 25 62 -
37 62 37 62 -
39 62 48 62 -
17 63 23 63 -
25 63 25 63 -
37 63 42 63 -
44 63 48 63 -
59 62 79 63 -
37 64 47 64 -
59 64 68 64 -
70 64 79 64 -
17 64 25 65 -
37 65 38 65 -
40 65 48 65 -
60 65 79 65 -
17 66 22 66 -
24 66 25 66 -
60 66 62 66 -
64 66 79 66 -
37 66 48 69 -
60 67 79 69 -
37 70 55 70 -
57 70 57 70 -
59 70 70 70 -
72 70 79 70 -
37 71 52 71 -
54 71 76 71 -
78 71 79 71 -
17 67 25 72 -
37 72 67 72 -
69 72 79 72 -
17 73 79 75 -
17 76 29 76 -
38 76 44 76 -
46 76 79 76 -
17 77 27 77 -
37 77 47 77 -
49 77 72 77 -
74 77 79 77 -
17 78 28 78 -
30 78 35 78 -
37 78 70 78 -
17 79 31 79 -
33 79 33 79 -
35 79 50 79 -
52 79 70 79 -
73 78 79 79 -
57 2 74 7 +
57 8 58 8 +
60 8 74 8 +
57 9 59 9 +
61 9 74 9 +
57 10 74 10 +
39 11 74 11 +
39 12 53 12 +
55 12 75 12 +
39 13 49 13 +
51 13 75 13 +
39 14 75 14 +
40 15 75 15 +
39 16 72 16 +
74 16 75 16 +
12 17 19 17 +
21 17 29 17 +
31 17 34 17 +
39 17 51 17 +
53 17 53 17 +
55 17 57 17 +
59 17 79 17 +
12 18 44 18 +
46 18 49 18 +
51 18 79 18 +
12 19 20 19 +
22 19 41 19 +
43 19 60 19 +
62 19 66 19 +
68 19 79 19 +
13 20 79 20 +
12 21 39 21 +
41 21 52 21 +
54 21 79 21 +
9 20 9 22 +
12 22 49 22 +
51 22 54 22 +
56 22 56 22 +
58 22 79 22 +
7 23 9 23 +
12 23 79 23 +
7 24 29 24 +
31 24 37 24 +
49 24 79 24 +
71 25 74 25 +
76 25 79 25 +
7 25 37 26 +
52 25 55 26 +
7 27 33 27 +
52 27 54 27 +
71 26 79 27 +
12 28 26 28 +
28 28 33 28 +
71 28 71 28 +
73 28 79 28 +
12 29 33 29 +
52 28 55 29 +
12 30 16 30 +
18 30 25 30 +
27 30 33 30 +
12 31 35 31 +
12 32 24 32 +
26 32 35 32 +
71 29 79 32 +
12 33 19 33 +
21 33 35 33 +
12 34 13 34 +
15 34 23 34 +
25 34 35 34 +
12 35 32 35 +
34 35 35 35 +
12 36 21 36 +
23 36 35 36 +
12 37 18 37 +
20 37 35 37 +
9 38 33 38 +
35 38 37 38 +
52 38 56 40 +
9 39 37 41 +
52 41 52 41 +
54 41 56 41 +
9 42 32 42 +
34 42 37 42 +
9 43 37 44 +
52 42 56 44 +
10 45 29 45 +
31 45 37 45 +
52 45 55 45 +
12 46 56 46 +
12 47 44 47 +
46 47 56 47 +
61 33 61 47 +
26 48 48 48 +
50 48 56 48 +
2 48 2 49 +
26 49 53 49 +
55 49 56 49 +
61 49 61 49 +
63 50 71 50 +
26 50 36 51 +
26 52 31 52 +
33 52 36 52 +
49 52 52 55 +
26 53 36 56 +
49 56 59 56 +
26 57 31 57 +
33 57 36 57 +
49 57 57 57 +
59 57 59 57 +
50 58 51 58 +
53 58 59 58 +
26 58 36 60 +
49 59 59 60 +
0 61 3 61 +
5 61 10 61 +
12 61 16 61 +
26 61 33 61 +
35 61 36 61 +
49 61 51 61 +
26 62 36 62 +
26 63 30 63 +
32 63 36 63 +
26 64 28 64 +
30 64 36 64 +
53 61 58 64 +
26 65 36 65 +
26 66 35 66 +
26 67 36 68 +
53 65 59 68 +
0 62 16 69 +
26 69 28 69 +
30 69 36 69 +
49 62 49 69 +
53 69 58 69 +
0 70 8 70 +
10 70 16 70 +
26 70 36 70 +
26 71 35 71 +
26 72 36 72 +
0 71 16 75 +
0 76 3 76 +
5 76 16 76 +
30 76 36 76 +
28 77 31 77 +
33 77 36 77 +
0 77 16 78 +
0 79 7 79 +
9 79 10 79 +
12 79 16 79 +
71 78 72 79 +
