583
0 0 79 79 +
34 40 66 65 .
38 4 50 28 .
18 55 33 72 -
9 22 32 29 .
3 13 17 22 -
48 0 54 23 -
30 8 43 16 -
59 72 72 79 -
71 20 78 27 .
18 64 41 72 -
44 29 49 39 -
59 66 66 72 .
55 40 59 51 -
12 50 17 56 -
20 41 32 43 .
0 32 6 37 .
60 44 75 47 .
33 28 35 39 -
36 0 79 0 -
0 67 24 71 +
0 0 16 1 -
77 5 79 15 -
9 23 13 29 -
60 40 66 43 +
0 8 4 11 -
11 41 14 44 -
22 62 24 72 +
0 79 19 79 -
55 63 59 65 -
36 1 40 3 -
75 47 79 50 -
73 8 73 19 -
18 73 19 78 -
74 34 78 35 -
51 61 54 64 +
53 11 54 15 +
73 78 79 79 .
52 31 54 33 -
1 2 4 3 -
7 69 9 71 -
22 1 24 3 -
52 74 54 76 -
74 40 75 43 -
44 1 46 3 -
48 25 49 28 -
59 72 72 72 .
67 77 72 77 .
0 16 2 19 -
0 13 8 13 +
11 22 17 22 .
37 67 41 67 .
0 6 0 25 -
0 62 0 73 -
12 54 25 54 -
33 34 36 39 -
36 4 37 6 -
39 32 40 34 -
5 61 6 62 .
17 56 18 57 .
18 51 21 51 .
27 66 27 69 .
27 36 29 37 .
28 40 29 44 .
60 13 63 13 .
74 33 77 33 .
0 48 3 48 -
15 2 16 3 -
20 7 21 8 -
25 64 43 65 -
59 78 74 79 -
78 56 79 57 -
59 55 60 56 +
0 9 0 13 .
0 30 0 41 .
2 52 2 54 .
28 32 28 34 .
38 5 48 7 .
65 29 65 31 .
76 55 76 57 .
0 38 0 40 -
0 54 0 57 -
1 43 3 43 -
69 21 70 22 -
73 1 73 3 -
0 18 0 20 +
47 1 49 2 +
50 26 50 28 +
0 68 0 69 .
0 49 1 49 .
1 57 1 58 .
2 30 3 30 .
2 77 3 77 .
3 59 4 59 .
5 18 6 18 .
5 25 6 25 .
6 71 6 72 .
7 78 8 78 .
8 79 9 79 .
10 77 11 77 .
11 25 12 25 .
12 74 12 75 .
13 9 13 10 .
13 15 14 15 .
13 23 33 23 .
15 71 15 72 .
16 54 21 54 .
18 73 18 74 .
18 48 19 48 .
20 36 20 37 .
22 61 23 61 .
23 72 23 73 .
23 40 24 40 .
24 46 25 46 .
24 48 27 48 .
27 17 27 18 .
28 53 28 54 .
28 33 30 33 .
30 20 30 21 .
30 46 30 47 .
33 15 33 16 .
34 69 34 70 .
35 36 36 36 .
36 73 36 74 .
37 15 37 16 .
37 34 38 34 .
37 39 38 39 .
40 2 41 2 .
40 73 41 73 .
41 30 41 31 .
42 14 42 15 .
44 76 44 77 .
45 1 46 1 .
45 38 46 38 .
47 3 47 29 .
49 23 50 23 .
50 6 50 7 .
50 34 53 34 .
52 27 53 27 .
53 7 53 8 .
54 16 54 17 .
54 25 55 25 .
55 36 56 36 .
55 68 56 68 .
56 40 57 40 .
58 24 58 25 .
58 7 59 7 .
59 27 60 27 .
59 45 78 45 .
62 25 62 26 .
63 0 63 1 .
65 21 65 22 .
66 38 66 39 .
68 16 68 17 .
68 74 68 75 .
69 3 69 4 .
69 12 69 13 .
70 1 70 2 .
72 61 73 61 .
73 54 74 54 .
77 5 77 6 .
77 29 78 29 .
77 48 78 48 .
79 34 79 35 .
79 46 79 47 .
79 51 79 52 .
1 50 1 51 -
17 53 19 54 -
19 73 21 73 -
39 34 41 35 -
59 59 59 60 -
74 40 78 40 -
79 32 79 33 -
0 11 0 12 +
0 66 0 67 +
4 37 5 37 +
0 1 0 1 .
0 21 0 21 .
0 24 0 24 .
0 47 0 47 .
0 53 0 53 .
0 55 0 55 .
0 71 0 71 .
0 75 0 75 .
0 78 0 78 .
0 35 7 35 .
1 18 1 18 .
1 66 1 66 .
2 4 2 4 .
2 15 2 15 .
2 17 2 17 .
2 46 2 46 .
2 71 2 71 .
3 16 3 16 .
3 28 3 28 .
3 51 3 51 .
3 74 3 74 .
3 78 3 78 .
4 1 4 1 .
4 6 4 6 .
4 19 4 19 .
4 38 4 38 .
4 40 4 40 .
5 4 5 4 .
5 12 5 12 .
5 15 5 15 .
5 50 5 50 .
5 55 5 55 .
5 73 5 73 .
6 10 6 10 .
6 24 6 24 .
6 30 6 30 .
6 44 6 44 .
6 77 6 77 .
7 0 7 0 .
7 6 7 6 .
7 9 7 9 .
7 21 7 21 .
7 41 7 41 .
7 69 7 69 .
7 75 7 75 .
8 15 8 15 .
8 25 8 25 .
8 27 8 27 .
8 37 8 37 .
8 67 8 67 .
8 74 8 74 .
9 23 9 23 .
9 49 9 49 .
9 65 9 65 .
10 10 10 10 .
10 21 10 21 .
10 43 10 43 .
10 61 10 61 .
10 72 10 72 .
10 74 10 74 .
11 0 11 0 .
11 11 11 11 .
11 39 11 39 .
11 52 11 52 .
11 59 11 59 .
11 63 11 63 .
12 3 12 3 .
12 5 12 5 .
12 24 12 24 .
12 48 12 48 .
13 0 13 0 .
13 39 13 39 .
13 59 13 59 .
13 73 13 73 .
14 1 14 1 .
14 8 14 8 .
14 32 14 32 .
14 47 14 47 .
14 49 14 49 .
14 57 14 57 .
14 61 14 61 .
14 65 14 65 .
14 26 33 26 .
15 4 15 4 .
15 19 15 19 .
15 21 15 21 .
15 33 15 33 .
15 58 15 58 .
15 68 15 68 .
15 76 15 76 .
15 79 15 79 .
16 11 16 11 .
16 31 16 31 .
16 45 16 45 .
16 70 16 70 .
17 59 17 59 .
18 9 18 9 .
18 12 18 12 .
18 16 18 16 .
18 36 18 36 .
18 46 18 46 .
18 54 18 54 .
18 70 18 70 .
19 39 19 39 .
19 45 19 45 .
19 53 19 53 .
19 63 19 63 .
20 14 20 14 .
20 16 20 16 .
20 21 20 21 .
20 31 20 31 .
20 47 20 47 .
20 70 20 70 .
20 77 20 77 .
21 13 21 13 .
21 45 21 45 .
21 72 21 72 .
21 76 21 76 .
22 55 22 55 .
22 77 22 77 .
23 9 23 9 .
23 14 23 14 .
23 16 23 16 .
23 30 23 30 .
23 35 23 35 .
23 63 23 63 .
23 70 23 70 .
24 2 24 2 .
24 12 24 12 .
24 39 24 39 .
25 1 25 1 .
25 5 25 5 .
25 10 25 10 .
25 17 25 17 .
25 72 25 72 .
26 0 26 0 .
26 12 26 12 .
26 54 26 54 .
26 58 26 58 .
26 66 26 66 .
27 77 27 77 .
28 3 28 3 .
28 12 28 12 .
28 51 28 51 .
28 63 28 63 .
28 73 28 73 .
28 76 28 76 .
28 78 28 78 .
28 40 30 40 .
29 1 29 1 .
29 9 29 9 .
29 35 29 35 .
29 50 29 50 .
29 61 29 61 .
29 72 29 72 .
30 10 30 10 .
30 12 30 12 .
30 18 30 18 .
30 38 30 38 .
30 49 30 49 .
30 52 30 52 .
30 71 30 71 .
30 21 31 21 .
31 11 31 11 .
31 16 31 16 .
31 37 31 37 .
31 51 31 51 .
31 58 31 58 .
31 60 31 60 .
31 69 31 69 .
32 32 32 32 .
32 45 32 45 .
32 72 32 72 .
32 76 32 76 .
32 79 32 79 .
33 7 33 7 .
33 11 33 11 .
33 13 33 13 .
33 18 33 18 .
33 20 33 20 .
33 33 33 33 .
33 51 33 51 .
33 60 33 60 .
33 67 33 67 .
33 71 33 71 .
34 0 34 0 .
34 5 34 5 .
34 12 34 12 .
34 34 34 34 .
34 37 34 37 .
34 75 34 75 .
34 79 34 79 .
34 63 51 63 .
34 45 55 45 .
34 52 67 52 .
34 54 67 54 .
35 9 35 9 .
35 13 35 13 .
35 18 35 18 .
36 6 36 6 .
36 11 36 11 .
36 32 36 32 .
36 65 36 65 .
37 26 37 26 .
37 30 37 30 .
37 77 37 77 .
38 10 38 10 .
38 68 38 68 .
38 74 38 74 .
38 78 38 78 .
39 33 39 33 .
40 0 40 0 .
40 68 40 68 .
40 71 40 71 .
40 78 40 78 .
41 9 41 9 .
41 13 41 13 .
41 36 41 36 .
42 1 42 1 .
42 34 42 34 .
43 9 43 9 .
43 12 43 12 .
44 34 44 34 .
44 10 48 10 .
44 16 48 16 .
45 31 45 31 .
45 36 45 36 .
45 73 45 73 .
45 78 45 78 .
46 34 46 34 .
46 74 46 74 .
47 69 47 69 .
48 1 48 1 .
48 71 48 71 .
48 73 48 73 .
49 3 49 3 .
49 17 49 17 .
49 67 49 67 .
49 69 49 69 .
49 75 49 75 .
50 9 50 9 .
51 14 51 14 .
51 17 51 17 .
51 77 51 77 .
52 15 52 15 .
52 20 52 20 .
52 37 52 37 .
52 68 52 68 .
52 73 52 73 .
53 0 53 0 .
53 2 53 2 .
53 19 53 19 .
53 61 53 61 .
53 63 53 63 .
53 75 53 75 .
53 7 54 7 .
54 38 54 38 .
54 16 55 16 .
55 5 55 5 .
55 11 55 11 .
55 18 55 18 .
55 21 55 21 .
55 23 55 23 .
55 26 55 26 .
55 29 55 29 .
55 76 55 76 .
56 6 56 6 .
56 22 56 22 .
57 1 57 1 .
57 9 57 9 .
57 26 57 26 .
57 31 57 31 .
57 34 57 34 .
57 44 57 44 .
57 76 57 76 .
57 79 57 79 .
58 28 58 28 .
58 33 58 33 .
58 35 58 35 .
58 46 58 46 .
59 3 59 3 .
59 6 59 6 .
59 18 59 18 .
59 41 59 41 .
59 50 59 50 .
59 79 59 79 .
59 69 67 69 .
60 14 60 14 .
60 47 75 47 .
60 44 76 44 .
61 0 61 0 .
61 6 61 6 .
61 30 61 30 .
61 77 61 77 .
62 18 62 18 .
62 76 62 76 .
62 25 63 25 .
63 27 63 27 .
63 73 63 73 .
63 79 63 79 .
64 18 64 18 .
64 26 64 26 .
64 35 64 35 .
65 6 65 6 .
65 15 65 15 .
65 36 65 36 .
65 41 65 41 .
66 17 66 17 .
66 23 66 23 .
66 26 66 26 .
66 79 66 79 .
67 13 67 13 .
67 18 67 18 .
67 25 67 25 .
67 31 67 31 .
68 41 68 41 .
68 55 68 55 .
68 66 68 66 .
68 79 68 79 .
69 0 69 0 .
69 7 69 7 .
69 22 69 22 .
69 38 69 38 .
69 54 69 54 .
69 58 69 58 .
70 40 70 40 .
70 63 70 63 .
71 19 71 19 .
71 36 71 36 .
71 50 71 50 .
71 53 71 53 .
71 20 79 20 .
71 23 79 23 .
72 7 72 7 .
72 10 72 10 .
72 18 72 18 .
72 28 72 28 .
72 42 72 42 .
72 56 72 56 .
72 64 72 64 .
73 35 73 35 .
73 43 73 43 .
73 52 73 52 .
73 57 73 57 .
74 49 74 49 .
74 53 74 53 .
74 65 74 65 .
74 67 74 67 .
74 74 74 74 .
75 1 75 1 .
75 30 75 30 .
75 73 75 73 .
76 7 76 7 .
76 9 76 9 .
76 14 76 14 .
76 40 76 40 .
76 51 76 51 .
76 69 76 69 .
76 74 76 74 .
76 56 77 56 .
77 16 77 16 .
77 46 77 46 .
77 50 77 50 .
77 54 77 54 .
77 60 77 60 .
77 71 77 71 .
78 0 78 0 .
78 2 78 2 .
78 9 78 9 .
78 15 78 15 .
78 31 78 31 .
78 37 78 37 .
78 67 78 67 .
78 77 78 77 .
79 14 79 14 .
79 43 79 43 .
79 70 79 70 .
79 74 79 74 .
0 46 0 46 -
0 56 1 56 -
13 22 13 22 -
17 60 17 60 -
33 40 33 40 -
38 50 38 50 -
40 39 40 39 -
49 24 49 24 -
59 62 59 62 -
59 67 59 67 -
59 72 59 72 -
65 43 65 43 -
65 70 65 70 -
69 79 75 79 -
79 27 79 27 -
1 79 1 79 +
14 16 14 16 +
25 48 25 48 +
28 36 28 36 +
30 57 30 57 +
32 9 32 9 +
40 35 40 35 +
42 70 59 70 +
49 27 49 27 +
50 24 50 24 +
51 34 51 34 +
60 54 60 54 +
60 73 60 73 +
76 45 76 45 +
